1.34607
1.18764
1.36818
1.40853
1.21747
1.5896
1.06933
1.48584
1.2478
1.63275
1.47946
1.25959
1.29267
1.0555
0.994302
1.29738
1.68043
1.3166
1.3351
1.03155
1.23448
1.21656
1.00275
1.47509
1.2222
1.35872
1.45244
1.45095
1.19048
1.1219
1.51391
1.47311
1.19461
1.59673
1.42716
1.48569
1.64155
1.45489
0.952328
1.57519
1.22229
1.69776
1.31
1.10877
1.58187
1.15539
1.18979
1.2159
1.75955
1.36393
1.40757
1.08201
1.3231
1.33943
1.30523
1.73047
1.11736
1.13512
1.52223
1.10286
1.26324
1.40907
1.23599
1.46937
1.18893
1.19839
1.01749
1.19609
1.38794
1.19843
0.935928
1.1137
1.70368
1.3668
1.63165
1.21359
1.01731
1.72002
1.31687
1.14141
1.21843
1.2481
1.12375
1.25725
1.27426
1.04469
0.9598
1.3054
1.316
1.07634
1.17925
1.05773
0.858186
1.81562
1.85189
1.62052
1.267
1.14845
0.60487
0.882893
0.771589
0.55966
1.37145
1.18445
1.02221
0.918938
1.37983
0.83656
1.41085
1.08863
1.00927
1.27554
1.1974
1.2719
0.835516
0.971348
0.97644
1.34794
1.19671
1.07516
1.12897
0.661885
0.917585
0.895466
1.16213
1.07936
1.11564
1.38225
1.06129
1.51713
0.9996
1.29526
0.941056
1.21192
1.26201
0.857498
1.28536
0.899358
1.11356
1.31884
1.0071
1.47116
0.913736
1.22509
1.50093
0.766351
1.25979
1.17089
1.3063
1.14963
0.968307
1.09031
0.998893
1.04548
1.06836
0.775541
0.881781
1.17299
1.13377
0.966052
0.994661
1.16529
0.942147
1.16393
1.19028
0.87212
1.13495
0.991104
1.35436
1.02191
0.952933
1.25471
0.978306
0.685793
1.2109
1.0326
1.08671
1.0438
1.2221
1.03243
1.19937
1.00146
1.26252
1.27684
1.13063
1.19512
1.48317
1.24183
1.17848
1.05242
1.48088
0.972781
1.34963
0.524361
0.973803
1.07344
1.07578
1.08036
0.888039
1.00199
1.38818
1.36127
0.975223
1.44701
1.26198
1.50968
1.1113
1.36964
1.06977
1.3644
1.54632
1.34806
1.2225
1.42606
1.29243
1.05008
0.888848
1.38133
1.20073
1.3434
0.45705
1.35998
1.50644
0.921494
1.58254
1.3233
1.76833
0.746483
1.40415
1.47451
1.36381
1.6669
1.51867
1.24009
1.10347
1.13589
1.46756
1.30697
1.63733
1.02626
1.4153
1.30228
0.994735
1.56943
1.43671
1.04114
1.09218
0.96038
1.27733
1.32537
1.60921
1.11307
0.655149
0.898446
1.20921
1.21028
1.42927
0.893725
0.622262
1.5005
1.3798
1.22457
1.09232
1.48533
1.11671
1.22876
1.38443
1.40608
1.37729
1.30846
1.18431
1.03687
1.30102
0.795453
1.06841
1.13607
1.20293
1.19813
1.2536
1.29537
1.17598
1.26696
1.48655
1.47919
1.38165
1.11405
1.13737
1.29732
1.4116
1.50683
1.25406
1.04199
0.756341
0.982287
0.908439
1.28539
1.09578
1.31147
1.24747
1.57515
0.99177
0.994837
1.12892
1.22608
1.06
1.1139
1.16262
1.01428
0.947858
1.04026
1.43794
1.20477
1.21227
0.96968
1.00502
0.882437
1.10499
0.990318
1.19107
1.28344
1.27288
1.29572
1.43504
1.02029
1.10604
1.00028
0.941821
1.44328
1.05407
1.39359
1.47117
1.11456
1.08483
0.934043
1.35295
1.23838
1.0678
1.31686
0.954801
1.27339
0.933066
1.14341
1.45267
1.18293
0.839353
1.09215
1.18669
0.887587
1.08963
1.33432
1.34541
1.18424
0.976876
0.869041
1.20442
1.16168
1.03282
0.916349
1.09411
1.02961
1.29119
1.40544
1.03663
1.11703
0.970161
1.28577
0.739387
1.4483
1.36365
1.06065
1.12889
1.2271
0.757976
1.38062
1.30366
0.952589
1.28828
1.36976
1.12804
1.18821
0.933417
1.18649
1.26607
1.55298
0.954283
0.997555
0.732132
0.868301
1.16922
1.21872
1.42745
0.89972
1.15069
0.95411
1.14705
0.738991
1.31939
0.791303
1.07652
1.21386
1.20242
1.29369
0.772804
0.659811
1.04063
1.18978
1.02426
0.959121
1.06159
0.660665
0.881383
0.913469
1.2246
1.0219
1.25357
1.2959
1.16844
1.27384
1.07074
1.06432
1.01343
1.27058
1.15584
1.11247
1.1796
0.790139
1.03208
1.10737
0.85545
1.49839
0.876552
1.25447
1.61948
0.882522
1.03216
0.97816
1.22933
1.17806
0.858977
1.02151
0.982278
1.12295
0.811743
0.888364
0.77349
1.10753
0.988898
1.00297
0.924845
1.20889
1.33728
1.40876
1.1935
0.822336
0.913204
0.977809
1.27374
1.25004
0.952019
1.17002
0.856936
0.696118
1.14918
0.979631
0.939784
1.10761
1.27421
1.03269
1.0378
1.25586
1.26308
1.31893
1.12317
1.19623
1.4903
1.38646
1.13149
1.07456
1.43855
1.04992
1.13299
0.740903
0.963173
1.14269
1.14553
1.6931
1.74201
1.72622
1.57103
1.62297
1.70462
1.50821
1.58873
0.699415
1.3808
1.74981
1.43146
1.6173
1.64442
1.29983
1.39716
1.14656
1.45082
1.6101
1.3627
1.20767
1.45086
1.8058
1.3444
1.73218
1.85621
2.04872
1.02314
1.88601
1.77553
1.65812
1.81689
1.82867
1.45588
1.74797
1.65743
1.78106
1.64725
1.57656
1.66088
1.4745
1.28126
1.18967
1.89414
1.43651
1.23104
1.35801
1.50377
1.67468
1.44282
1.92398
1.38871
0.976874
1.65261
1.56313
1.11062
1.55676
1.19675
1.25464
1.58957
1.53565
1.33811
1.46151
1.81355
1.32487
1.58822
1.45807
1.96971
1.36161
1.67052
1.42875
1.39948
1.81769
1.18902
0.95291
1.46321
1.1943
1.51389
1.76056
1.56352
1.15987
1.49448
1.88215
1.35893
1.58267
1.76019
1.56123
1.18175
1.48873
1.87575
1.65745
1.22248
1.2185
1.08186
1.31077
1.46073
1.20411
0.918006
1.3685
1.00643
1.59725
1.33373
1.3279
1.59724
1.02843
0.6325
1.17339
1.08254
1.23063
1.21027
1.14939
0.9249
1.21036
1.35329
1.73354
1.33799
1.57642
1.3827
1.24735
1.41756
1.40676
0.627234
0.976349
1.13891
1.08757
1.49552
1.54979
1.52764
1.20375
1.10309
0.913074
1.52589
1.36983
1.05719
2.03719
1.07615
1.50224
0.972356
1.69482
1.69236
1.16028
0.763168
1.20325
1.49176
0.810023
1.26979
1.34062
1.44402
1.33321
1.33879
1.05218
1.6406
1.58301
1.54913
1.48852
1.02836
0.793608
1.57644
1.59912
1.44079
0.993119
0.79044
0.74435
1.12985
1.40502
1.44194
1.31869
1.51298
1.48893
1.06137
1.55992
1.60718
1.41291
1.23019
1.30716
1.02873
1.73388
1.48259
1.54983
1.1906
1.85287
1.33172
0.665803
1.26668
1.31873
1.27064
1.53067
1.35583
1.36037
1.20883
1.42209
1.2311
1.05141
1.43285
1.39095
1.35441
1.40367
1.18311
1.22834
1.30016
1.47409
1.31977
0.973955
1.01926
1.26606
1.32038
1.61685
0.987463
1.45233
1.3175
1.24726
1.40779
1.28887
1.40156
1.08209
1.20858
1.4207
1.14088
1.29873
1.34015
1.39488
1.5636
1.33441
1.35659
1.42873
1.30037
1.76488
1.27247
1.61181
1.32506
1.83451
1.51589
1.14778
1.12208
1.22206
1.26227
1.28988
1.28819
1.3142
1.33644
1.48755
1.17197
1.29914
1.6326
0.965884
1.39535
1.31089
1.00174
1.15596
1.38232
1.07898
1.14676
1.33313
1.39631
1.17266
0.952342
1.28335
1.36906
1.51937
1.23938
1.54648
1.28442
1.4639
1.0581
1.23862
1.28358
0.668005
0.900202
1.58081
1.18068
1.22689
0.956193
1.48537
1.66473
1.6121
1.29328
1.25998
1.27955
1.24491
1.49287
1.35907
1.60818
0.975466
1.612
1.70877
1.36581
1.25942
1.37484
1.14207
1.22671
1.44217
1.15157
1.17393
1.39189
0.922256
1.35476
1.13311
1.40693
1.56902
0.913877
1.43094
0.900893
1.536
1.28598
1.31172
1.08356
1.35299
1.72594
1.48969
1.39679
1.17676
0.80949
1.55906
1.18849
1.60462
0.83573
1.31019
1.54676
1.27172
1.39855
1.4674
1.29118
1.19602
0.781241
1.4171
1.28761
1.33095
1.14547
0.970124
0.924208
0.978737
1.47423
1.34291
1.38751
1.02721
1.5541
1.14742
1.3574
1.33962
1.37749
1.29674
1.4963
1.41533
0.965917
1.51734
1.36742
1.21196
1.10036
0.838707
1.01193
1.46663
1.26417
1.67598
1.28361
1.15459
1.41158
1.52518
1.4038
1.18591
1.70792
1.42642
1.11888
1.12421
1.57607
1.47111
1.45794
1.14892
1.19696
1.16713
1.172
1.53267
1.58963
0.865326
1.48884
1.46483
1.25845
1.34571
1.33354
1.06334
1.04893
0.810851
1.12081
0.983266
1.23249
1.18729
1.22751
1.64128
1.80944
1.53272
1.30209
0.991619
1.61215
1.39507
1.72795
1.37645
1.27579
1.8238
1.22927
1.70058
1.46064
1.49714
1.23077
1.43261
1.23491
1.37614
1.41644
1.13987
1.81894
1.10325
1.42455
1.09025
1.57002
1.21922
1.03718
1.44713
1.3717
1.45122
1.04331
1.24365
1.52912
1.35586
1.136
1.20521
1.60372
1.73618
1.58149
1.68193
1.57049
1.00932
1.3202
1.10464
1.54659
1.53978
1.35824
1.08981
1.33347
1.31376
1.00359
1.41524
1.32786
1.20448
1.19396
1.41306
1.16258
1.78269
1.58678
1.24769
0.925923
1.37262
1.63622
1.81695
1.60955
0.920634
1.46555
1.62678
1.66791
1.55895
1.37597
1.58888
1.06905
1.52171
1.20309
1.38464
1.35955
1.4923
1.66037
0.767876
1.00304
1.44589
1.47596
1.62935
1.50705
1.15672
0.94634
0.997808
1.25501
1.29703
1.29759
1.72968
1.68588
1.3478
1.59036
1.04602
1.28643
1.09536
1.26561
1.46895
1.12009
1.30071
1.07308
1.46226
1.55204
1.02923
1.83391
1.51559
1.28929
2.05012
1.126
1.54738
1.11329
1.77438
1.70647
1.21849
1.14145
1.28594
1.42785
1.14596
1.15779
1.29003
1.47087
1.47306
1.23451
0.864346
1.66915
1.37015
1.49463
1.49638
1.26282
1.0612
1.58534
1.36463
1.05334
1.2068
1.2163
0.698918
0.788164
1.69855
1.4794
1.5148
1.44645
1.62661
0.984265
1.37965
1.50341
1.57439
1.60813
1.42057
1.17219
1.86256
1.48215
1.43372
1.50907
1.74671
1.39371
1.16374
0.861769
1.39976
1.35165
1.50018
1.0454
1.28183
1.33469
1.54558
0.953388
1.57789
1.20893
1.31504
1.68261
1.35878
1.34933
0.962265
1.42992
1.29668
1.5609
1.33245
1.18411
1.61434
1.07032
1.85
1.15813
1.55145
1.23085
1.41973
1.25827
1.8168
1.59437
1.66177
1.88066
1.41368
0.908448
1.4016
1.4333
1.57745
1.44024
1.4042
1.58847
1.08449
0.90847
1.30674
1.85031
1.24734
1.08034
1.52179
1.12115
1.1222
1.71981
1.77196
1.71377
1.45561
0.942369
1.44996
1.49661
1.70088
1.61244
0.995843
1.31495
1.22394
1.52182
1.33119
1.59951
1.5243
1.18378
1.80375
1.05568
1.64709
1.50432
1.24771
1.18891
1.47845
1.1766
1.57644
1.80883
0.511931
1.65059
1.27265
1.17766
0.91825
1.22384
1.15379
1.37063
1.67455
1.53885
1.23311
1.35205
0.919331
1.72334
1.53944
1.37037
1.30965
1.21977
0.936047
1.13887
0.76294
1.0302
1.04502
0.94797
0.872875
0.881978
0.891852
1.02133
1.30388
1.31684
1.28254
1.15912
0.908049
1.34126
1.02805
1.33353
1.0104
1.0154
1.3103
1.47555
1.55358
1.25376
1.33532
0.903365
1.1006
1.01159
1.32241
1.11822
1.03331
1.5174
1.19919
0.984298
0.735436
1.18175
1.31481
0.521599
1.16348
1.17872
1.0916
0.694428
1.13209
1.25652
1.11778
1.11142
0.883271
1.28351
1.27413
1.61154
1.37827
1.13705
1.07809
1.02372
1.15761
1.2272
1.38225
1.08532
0.96046
1.25269
0.929051
1.05767
0.952819
0.882794
1.07708
1.17095
1.28931
1.06592
1.57164
1.06777
1.35516
0.976939
0.949943
1.29892
1.41721
1.11589
0.961606
1.34891
1.4086
1.15639
1.20976
0.912348
1.36845
1.08159
1.27202
1.4117
1.26342
1.40436
1.28237
1.25939
1.61077
1.40036
1.32887
1.1099
1.30475
1.10232
1.31989
1.3236
0.627509
1.61138
1.30128
1.7702
1.31894
1.41997
1.67687
1.50959
1.61002
1.396
0.98671
1.33949
1.22458
1.57785
1.31337
1.41463
1.4386
1.37965
1.71905
1.43037
1.31761
1.14697
1.29423
1.44169
1.35709
1.45779
1.31395
1.25672
1.14666
1.35501
1.47448
1.339
1.51573
1.14885
1.02331
1.36896
1.59619
1.13246
1.71597
1.10392
0.933307
1.27881
0.907015
1.16545
1.42249
1.62743
1.64782
1.59751
0.829871
1.44621
1.48045
1.3942
0.982054
1.57327
1.12063
1.25963
1.32823
1.1575
1.5435
1.00641
1.56314
1.21877
1.34551
1.19244
1.28552
1.34516
1.39356
1.82201
1.10928
1.06973
1.59939
1.26993
1.1597
1.56055
1.29261
1.24711
1.48859
1.12064
1.22561
1.09666
1.02135
1.4228
1.1066
1.10602
1.31011
1.32842
1.50242
1.47885
1.70301
1.59894
0.877146
1.53698
1.55935
1.28043
1.5194
1.57546
1.18127
1.64002
1.51916
1.42604
1.36774
1.27781
1.57072
1.36294
1.27887
1.19972
1.62426
1.10788
1.22436
1.41343
1.45578
1.26411
1.12596
1.74581
1.05575
1.11827
1.48559
1.38045
0.897057
1.37995
0.854526
1.32862
1.46443
1.48372
0.958764
1.22414
1.33391
1.27444
1.25522
1.34526
1.82205
1.19313
1.45386
1.10216
1.33798
1.71512
1.09447
0.940002
1.55713
0.875993
1.41054
1.55545
1.21503
1.02778
1.2663
1.58335
1.09008
1.19856
1.4995
1.43592
1.03583
1.36998
1.51689
1.5129
0.990296
1.11027
1.11877
1.16655
1.3054
0.900855
0.914865
0.899311
0.958617
1.22545
0.949037
1.16705
0.818395
1.46326
1.29664
1.35335
1.22527
0.961368
1.16537
1.20369
1.35577
1.32162
1.0139
1.33788
1.15466
1.23072
1.04287
1.57115
0.877391
1.44428
0.783689
0.766441
1.3015
0.921854
1.24602
1.03117
1.46694
1.13752
1.21089
0.905175
1.44279
1.20873
0.767421
1.60136
0.734088
1.07407
1.35135
0.712989
0.890739
1.33768
1.19253
1.54828
1.15215
0.876724
0.890211
1.18595
0.959085
1.0717
1.47277
1.09978
1.35107
1.23451
1.45465
1.08383
1.01451
1.5214
1.1599
1.37492
1.30447
1.25516
1.14128
1.14458
1.38606
1.02216
1.35894
1.31843
1.32729
0.984584
1.39808
1.1867
1.09012
1.27394
1.49912
1.32829
1.18122
1.1759
0.784705
1.48799
1.17834
0.911061
1.4946
1.20223
1.28226
0.887292
1.21208
1.03492
1.70551
1.16677
1.24637
1.28457
0.610783
1.57328
0.931781
1.67393
1.44599
1.10771
1.45657
1.6871
1.41684
1.46979
1.72823
1.09214
1.24284
1.24467
1.06754
1.34208
1.22231
1.16036
1.47809
0.90323
0.961379
1.17581
1.38841
1.12892
1.39865
1.2572
0.874149
1.07984
1.52573
1.64729
1.27106
1.26539
0.728402
1.67933
1.53323
1.42724
1.2171
0.914105
1.33628
1.23419
1.16275
1.43029
1.39146
1.34194
1.33679
1.83382
0.993375
1.33109
1.17582
1.19258
1.16277
1.31083
1.4997
1.27991
1.54459
0.911089
1.60406
1.18664
1.13909
0.975092
1.21045
1.17346
1.18183
1.38074
1.43885
1.58413
1.23955
0.926562
1.73673
1.14431
1.02793
1.16488
1.26762
1.44215
1.25461
1.13017
0.713996
0.814725
1.39321
1.30701
1.31764
1.57608
1.53905
1.35448
1.56877
1.26134
1.42399
0.9671
1.35092
1.22526
1.30004
1.47571
1.31998
1.45715
1.46156
1.12558
1.55065
1.34247
1.19685
1.89015
1.03797
1.34566
0.902955
1.58969
1.53806
1.19505
1.37839
0.970895
1.21789
1.12666
1.04244
1.34505
1.38709
1.07361
1.00947
1.20213
1.63006
1.34028
1.42409
1.45049
1.24877
1.1681
1.33599
1.71542
1.20726
1.2184
1.09526
0.846786
0.845677
1.53059
1.20646
1.32417
1.1987
1.63854
1.15857
1.46457
1.5919
1.58595
1.43892
1.38184
1.36197
1.63727
1.59433
1.7417
1.45267
1.6301
0.910554
1.27499
0.908981
1.16828
1.44983
1.40603
0.861333
0.974016
0.859856
1.05768
0.878379
0.779772
0.870217
1.22979
1.38213
1.03362
1.32643
0.97601
1.05735
0.93465
1.31127
0.640126
0.8071
1.11887
0.959837
1.18758
1.17484
1.25076
0.769111
0.929834
0.503313
1.18497
1.03467
0.995464
1.63093
0.98744
1.08823
0.845396
1.29617
1.24742
1.04981
0.726634
0.872232
1.27315
0.393368
1.13177
1.03605
0.966801
1.00906
1.12631
0.989962
1.43914
1.38502
1.27337
1.06623
0.85887
0.40584
1.15652
1.33302
1.27537
0.863171
0.984878
0.982422
0.842669
1.08671
1.18738
1.01808
1.36046
1.28154
1.06785
1.13058
1.26321
1.17847
1.18208
1.17425
0.964304
1.43964
1.1731
1.15329
1.00274
1.47213
1.17132
0.858075
1.03191
1.05547
1.17422
1.16845
1.12953
0.91568
1.00084
1.08848
0.813299
1.00802
1.4928
1.54142
1.18955
1.03556
0.751822
1.16798
1.24638
1.65332
1.10686
0.741136
1.37339
0.947104
1.187
1.58999
1.55919
0.894394
1.0375
0.954243
0.964274
0.987577
0.969158
1.4575
0.89169
1.13423
1.02979
1.3141
1.13584
1.11672
1.0655
0.978043
0.955056
0.924854
1.19246
1.33764
1.20381
1.04395
0.910214
1.50128
1.50005
1.07114
1.15131
1.20495
0.820469
1.02434
0.952949
1.70016
1.32219
0.831632
1.03841
1.35315
1.04287
1.01231
1.10876
1.14111
1.19285
1.08771
1.27329
1.36922
1.28078
1.19325
1.11543
1.0808
1.13045
1.31055
1.30207
1.43347
0.760234
1.60804
0.988952
1.34748
1.03603
1.0189
1.41732
1.09114
0.962175
0.90383
1.09638
1.09877
1.18723
1.40243
1.75801
1.51721
1.22317
1.18642
1.23647
1.45448
1.37706
1.27339
1.14881
1.40903
1.11401
1.69972
1.24938
1.61375
1.12912
1.51518
1.14735
1.02296
1.35195
0.943036
1.66222
1.05986
1.67737
1.14964
1.51101
1.14823
1.19398
1.31033
0.965429
1.71539
0.868607
0.965578
1.35019
0.990973
0.94924
1.44877
1.28001
1.55112
1.46603
1.347
1.33784
1.1088
1.1711
1.23735
1.5295
1.40104
1.42841
1.03626
1.14716
1.31676
0.793153
1.44231
1.15757
1.27585
1.40723
1.37418
1.35819
1.45507
1.53672
0.725139
1.06193
1.30179
1.54402
1.45788
1.65981
0.996124
1.21418
1.48616
1.48916
1.65011
1.26107
1.09068
0.967444
0.608156
1.24711
1.10817
1.28919
1.10056
1.62103
1.3093
0.876709
1.00866
1.24578
1.28224
1.44557
1.04254
1.26926
1.36092
1.16842
1.61789
1.43613
1.52645
0.763227
0.93336
1.10802
1.02276
0.725443
1.28878
1.18106
1.09199
1.19136
1.23708
0.840913
0.92747
1.11049
1.11728
0.999808
1.45478
0.75805
1.08825
1.01
0.997632
0.818
1.35545
1.31353
1.00699
1.58765
1.38609
1.04243
0.890017
1.13967
0.863144
1.56259
1.67839
1.22009
1.25312
1.49047
1.2932
0.576922
1.13027
0.53249
1.20817
1.15805
1.39946
1.29974
1.29347
1.11208
0.925139
1.20365
1.43131
1.17501
1.31769
1.28157
0.845335
1.33355
1.17076
1.32687
1.43056
0.870342
1.07736
1.0275
1.23496
0.981806
1.3186
0.97771
1.6553
1.32512
0.820118
1.18471
1.34577
1.51907
1.30933
1.22945
1.28962
1.35325
1.25432
1.69758
1.52999
1.4888
1.10056
1.07124
1.35258
1.17347
0.823553
1.28266
1.30397
1.01344
1.28457
1.15913
1.03756
1.09401
0.84771
1.24102
1.07108
1.30772
0.988042
0.913161
1.08148
1.23148
0.820316
1.18088
1.32704
0.911999
1.52226
1.48809
1.21379
0.826061
1.35361
0.881056
1.54346
1.63503
1.29608
1.1093
1.32404
1.24069
0.640592
0.982553
0.579088
0.81738
1.18866
1.32688
1.40883
1.42183
1.11375
0.82608
0.91224
1.40899
1.15698
1.48571
1.43679
0.750434
1.33386
1.13788
1.41319
1.41647
0.734128
1.06479
1.04242
1.02807
0.671563
1.45696
1.04495
0.953527
1.49927
0.894703
1.39585
0.844771
1.18045
1.25767
0.94332
1.03762
1.42144
1.22427
0.992843
1.53435
1.203
1.28902
0.999924
0.950287
1.47955
0.977411
1.39336
1.30035
1.18985
0.602402
1.39101
1.44623
1.14767
1.08797
0.896789
1.18027
0.789391
1.29082
1.48996
1.08238
1.05533
0.832936
1.12919
1.58666
1.22072
1.14227
0.730258
1.1942
0.798206
1.27715
1.0261
1.00425
1.40808
1.04669
1.33693
0.59901
1.32083
1.34349
1.22028
1.06308
1.50566
1.06189
1.20253
1.3733
0.94949
1.29566
0.969069
0.874692
1.05224
0.896964
1.18744
1.21655
1.08199
1.39718
1.29454
1.20697
0.90463
1.38741
1.0671
0.983954
1.19499
1.44864
1.10112
1.19404
1.25558
0.837003
1.33093
1.28142
1.07392
0.574564
1.05842
1.0683
1.21598
1.43896
1.23557
1.05374
1.23433
1.00347
1.26987
0.876526
1.05663
1.72549
0.986774
1.20621
0.998325
1.48898
1.33236
0.843673
1.10637
0.784943
0.953306
0.96185
0.94541
0.984397
1.08818
1.10122
0.95021
1.24151
1.36165
1.18817
1.19589
1.29471
0.966244
0.951414
1.17925
1.57499
1.24334
0.762015
1.08996
0.792539
0.843397
1.11646
0.719576
1.08608
1.193
1.43599
1.31114
1.42858
1.15897
1.29704
1.19787
1.06045
0.962679
1.52505
1.34029
1.43785
0.965196
1.58771
0.949673
1.12343
0.89591
0.966867
1.18519
1.25451
1.46877
0.810207
1.1116
1.49171
1.05584
1.41025
1.08061
1.20811
1.40795
0.942283
1.36025
1.28618
0.959128
0.960455
1.27691
1.18426
1.39648
0.776734
1.19076
1.41669
1.00907
1.45075
1.04701
1.134
0.698683
1.29894
1.22081
1.2646
1.24647
0.872573
1.21198
0.818836
1.12174
1.41045
1.04944
0.915448
0.84084
1.09248
1.64098
1.10746
1.11352
0.937364
1.19299
0.891923
1.08263
1.27348
0.836573
1.3181
1.13019
1.25946
0.506506
1.39614
1.38895
1.26423
1.12251
1.39847
0.971393
0.956001
1.40111
1.32472
1.41664
1.26009
1.21421
1.30044
1.16548
1.32135
1.3615
1.15335
1.15625
1.40841
0.875589
1.07098
1.45148
0.975796
1.53349
1.35554
1.14522
1.72984
1.27994
1.80972
0.782508
1.36197
1.52574
1.23281
1.56449
1.4916
1.38262
1.158
1.28283
1.39811
1.39141
1.66245
0.97346
1.60081
1.44781
1.1085
1.62227
1.5572
1.21974
1.27612
1.17419
1.17588
1.26885
1.65497
1.21582
0.866386
0.734368
1.3115
1.25854
1.55651
0.847839
0.700765
1.50976
1.52064
1.26676
1.04656
1.43496
1.22411
1.33902
1.54131
1.43733
1.51287
1.25369
1.23398
1.13745
1.32902
0.890104
1.21155
1.41569
1.23573
1.45758
1.11915
1.28794
1.16035
1.32729
1.55043
1.53051
1.33984
1.20598
1.20816
1.47088
1.34293
1.44356
1.29
1.06031
0.671473
1.25668
1.44336
1.67145
1.46707
1.74338
1.39084
1.14756
1.78899
1.44538
1.52081
1.98125
1.24376
1.07991
1.44706
1.44963
1.70533
1.24558
1.62129
1.66317
1.46697
1.28862
1.51072
1.31022
1.15302
1.21853
1.50535
1.47221
1.59808
1.35401
1.45277
1.2367
1.39237
1.63395
1.3249
1.36012
1.13103
1.24044
1.5612
1.49232
1.24511
0.936186
1.66478
1.39716
1.40579
1.24517
1.07005
1.71155
1.58722
1.77079
0.822683
1.76903
1.60718
1.38283
1.31585
1.6051
1.28301
1.11842
1.60257
1.36125
1.87004
1.66774
1.52455
1.33718
1.21838
1.21516
1.78
1.22622
1.5056
1.6955
1.06266
1.20428
1.65516
1.22647
1.71598
1.2605
1.55067
1.02436
1.46271
1.38733
1.29621
1.28133
1.20161
1.08415
1.39726
1.38348
1.49229
1.09248
1.3011
1.26261
1.28034
1.65517
1.60229
1.44747
1.03594
1.16725
1.54208
1.54691
1.44808
1.10734
0.99957
1.09004
1.20316
1.56727
1.24249
1.40525
1.13351
1.07248
1.33427
1.64528
1.28155
1.67801
1.03417
0.976106
0.918393
1.15254
1.29434
1.53185
1.47276
1.57212
1.43462
0.80571
1.4402
1.30846
1.34157
1.22157
1.78596
1.23972
1.48191
1.24594
1.04156
1.49135
1.06132
1.35145
1.22214
1.1934
1.2613
1.28792
1.48049
1.27644
1.49211
1.16201
0.986981
1.54644
1.47991
1.27052
1.18701
1.78748
1.42639
1.41772
1.29247
1.51829
1.60623
1.65901
1.61251
1.56678
0.868568
1.48327
1.37531
1.34903
0.907746
1.20662
1.19912
1.00209
1.61178
1.53674
1.09701
0.929671
0.95768
1.40913
1.36637
1.48728
1.2011
0.857161
1.21983
1.19348
1.30571
1.40438
1.50205
0.873171
1.41691
1.15016
1.35569
1.1241
1.61232
1.06587
1.66423
1.5105
1.2022
1.3368
1.59618
1.45431
0.718086
1.18726
0.894158
1.20159
0.8363
1.55916
1.4084
1.26344
1.33613
1.04468
1.24419
1.42569
1.46839
1.45469
1.36029
0.776656
1.50182
1.41649
1.67358
1.42787
1.12498
1.05372
0.88782
1.55349
0.857776
1.76174
1.23531
1.09667
1.54113
1.38292
1.43961
1.41742
1.73956
0.958877
1.12676
1.06175
0.906435
1.37501
1.06093
1.32161
1.30804
1.07688
0.94004
1.27088
1.2573
1.20142
1.2112
1.23924
1.16378
0.871715
1.5017
1.63659
1.22413
1.16521
0.959202
1.61938
1.66433
1.4097
1.31426
1.02721
1.10743
1.0552
1.09556
1.42277
1.41969
1.2879
1.15728
1.72159
1.11751
1.12643
1.39128
1.23397
1.25114
1.14858
1.37609
1.18636
1.56155
1.05254
1.36233
1.06092
1.1253
1.12446
1.27052
1.24009
0.959841
1.38186
1.51575
1.52493
1.39604
1.10452
1.65759
1.03767
1.64124
1.36318
1.1609
0.811313
1.05884
1.36313
1.41225
1.49952
1.48743
0.931979
1.65242
1.0959
1.3877
1.04746
1.1458
1.83245
1.21121
1.77738
1.57165
1.70111
1.36818
1.24828
1.22491
1.0237
1.61254
1.15477
1.03124
1.00827
0.934165
1.51588
1.61321
1.31142
1.42605
1.33253
0.978647
1.46418
1.32794
1.16668
1.55102
1.74415
1.35249
0.916592
1.45494
1.08308
1.34136
1.14384
1.19093
1.32047
1.73523
1.56184
1.66502
1.65615
0.845723
1.60148
1.21533
1.48985
1.09342
1.8966
1.24665
1.51325
1.15184
1.75038
1.40975
1.31827
1.33199
1.41231
0.93636
1.3546
1.76392
1.31116
1.26777
1.4955
1.52783
1.48336
1.2716
1.66682
1.23444
1.23689
1.1196
1.18398
1.51451
1.47741
1.62855
1.71863
0.920934
1.0137
1.48535
1.58047
1.44465
1.33534
1.18968
1.3165
0.96144
1.77477
1.57902
1.19627
1.28702
1.18617
1.59745
1.87131
1.72975
1.60126
1.0077
1.41494
0.808657
1.38453
1.32874
1.6177
1.51349
1.55222
1.74068
1.05223
1.48048
1.42268
1.39372
1.57259
1.75666
1.58038
1.2797
1.61774
1.19119
1.74988
1.35693
1.23624
1.3192
1.29535
1.22182
1.44906
1.41288
1.66141
1.47379
1.47634
1.23474
1.8219
1.44672
1.56101
1.45354
1.10901
1.79194
1.42971
1.02183
1.28433
1.42844
1.72417
1.33661
1.63469
1.46873
1.39545
1.47386
1.23895
1.77687
1.3824
1.3963
1.45014
1.28214
1.32407
1.22893
1.76272
1.19734
0.866812
1.19443
1.23246
1.33075
1.49563
0.593926
1.12216
1.4174
1.2693
1.1287
1.40142
1.40659
1.4789
1.09709
1.11394
1.65238
1.42595
1.24547
1.04145
1.43551
1.56379
1.18126
1.22558
1.58607
1.11854
1.37467
1.25114
1.38026
1.31013
1.41446
1.41863
1.5322
1.13908
1.27485
1.50589
1.20478
1.52181
1.4973
1.31115
1.171
0.819701
1.16899
1.02584
1.08753
1.27269
1.56036
1.65387
1.66358
0.90664
0.89618
0.907732
1.46495
1.2093
1.14122
1.87127
1.23321
1.43057
1.17657
1.53821
1.65872
1.16536
0.592515
1.31869
1.4893
0.76805
1.42065
1.3083
1.39611
1.4755
1.44101
1.21526
1.48491
1.69336
1.47203
1.38648
1.06585
0.804449
1.59078
1.62528
1.61084
0.842643
0.998071
1.19234
1.28693
1.31459
1.39814
1.20204
1.66134
1.35456
1.28336
1.60051
1.50383
1.2109
1.29676
1.41156
0.966925
1.65823
1.33715
1.32033
1.07972
1.93345
1.43214
0.576241
1.34226
1.28983
1.26764
1.55048
1.04179
1.19504
1.16197
1.45349
1.52525
0.954291
1.37091
0.836017
1.16966
1.22269
0.716627
1.76911
1.06633
1.39228
0.982765
1.63359
1.45097
1.05453
1.05676
0.927856
1.09781
0.921152
1.14825
1.35666
1.09775
1.33166
1.01924
1.33807
1.63082
1.10097
0.90269
1.28999
1.17227
0.861342
1.41858
1.62343
1.03736
0.713275
0.982367
1.01883
0.926199
1.28614
1.11066
1.34438
1.43846
1.38975
1.3349
1.47136
1.22092
1.34758
1.28004
1.22499
0.694329
1.60457
1.18564
1.46402
1.05516
1.68104
1.19515
1.10655
0.994893
1.20015
1.32914
1.25906
1.60149
1.52906
1.55423
1.83166
1.31303
1.35673
1.30631
1.27336
1.38647
1.23474
1.64001
1.47144
1.65668
1.24417
1.60745
1.81374
1.32504
0.967758
1.04241
1.49966
1.11687
1.34737
1.39226
1.33455
1.47123
1.41425
1.08888
1.35409
1.46723
1.14582
1.08973
1.40958
1.07192
1.73834
1.54064
1.39722
1.34011
1.2325
1.29094
1.14401
1.4897
1.35766
1.24011
1.49322
1.78153
1.35843
1.86649
1.21969
1.03768
1.24364
1.42005
0.964557
1.39735
0.828484
1.4494
1.37804
1.68371
1.3462
0.945033
1.39207
1.04279
1.06214
1.56718
1.36333
1.7098
1.583
1.39487
1.26637
1.1604
1.27751
1.25454
1.43921
1.98201
1.05615
1.53478
1.38197
1.75689
1.37423
1.62123
1.19251
0.99382
1.55909
1.1778
1.39556
1.30161
1.4227
1.06686
1.50011
1.49287
1.87367
1.33279
1.70372
1.58673
0.867472
1.04724
1.20574
1.93612
1.66864
1.25741
1.37985
1.1545
1.34454
1.2422
1.53106
1.47891
1.55759
1.66116
1.36884
1.65532
1.42044
1.69293
1.12126
1.34819
1.59266
1.75854
1.64474
1.85462
1.18029
1.81589
1.12653
1.49388
1.40615
1.43892
1.47074
1.49819
1.30705
1.1698
1.38844
1.59677
1.00982
1.58838
1.49548
1.44375
1.73054
1.12272
1.50028
1.42512
1.70443
1.40094
1.60212
1.19054
1.27366
1.35367
1.31409
1.39106
1.38319
1.40163
1.487
1.24581
1.23687
1.82314
0.761532
1.3088
1.30226
1.16022
1.11201
1.29571
1.3981
0.940934
1.28478
1.60417
1.39462
0.828994
1.65235
1.67046
1.67751
1.52777
1.49808
1.10048
1.27168
1.09106
1.52631
1.652
1.45051
1.37255
1.73316
1.20219
1.25901
1.4321
1.67354
1.40843
1.67647
0.735399
1.47265
1.53218
1.3152
1.15941
1.28101
1.8386
1.07938
1.46789
1.63127
1.37586
1.51405
1.40377
1.62483
1.33802
1.46613
1.17158
1.45247
1.48504
1.21393
1.83364
1.04404
1.19467
1.33482
0.849372
1.27391
1.51049
1.00932
1.64586
1.45441
1.3273
1.04708
1.46309
1.18341
1.32334
0.783947
1.05386
1.73762
1.62408
1.48626
1.01264
1.36618
1.71554
1.41144
1.46398
1.59102
1.3349
0.783398
1.30744
1.57233
1.53834
1.39423
1.42972
1.62612
1.20384
1.11155
1.53397
0.788959
1.82812
1.78146
1.45588
1.43418
1.29317
0.910953
1.40903
1.76095
1.24601
1.98215
1.2811
1.7323
1.92051
1.22524
1.50987
1.61543
1.62735
1.22202
1.30178
1.53825
1.4736
1.59884
1.37588
1.1489
0.900037
1.31456
1.47338
1.50303
1.22956
1.55942
1.49792
1.74385
1.60683
1.21876
1.41505
1.19063
1.27385
1.40413
1.41303
1.80639
1.22803
1.11134
1.45623
1.45136
1.47606
1.51824
1.52237
1.43771
0.969612
1.33993
1.79613
1.76743
1.44385
1.64143
2.00649
1.7515
1.21848
1.45183
1.56603
1.66094
1.82008
1.07895
1.55805
1.42653
1.30073
1.24377
0.730566
1.22623
0.938079
0.966782
1.37477
1.05432
1.3375
1.26601
1.10942
0.991018
1.01674
1.04335
1.16214
1.45593
0.668245
1.06066
1.10414
0.815651
1.27042
1.35383
1.26354
1.21448
1.45961
0.984941
1.12237
1.10957
1.01358
1.17433
1.45436
1.33605
0.858904
1.21651
1.41735
1.20691
0.882457
1.21947
0.949207
1.50662
0.938548
1.42439
1.11071
1.1644
1.26197
1.22712
1.36256
1.07582
1.52374
1.17649
1.03474
0.910174
1.48316
1.41841
1.23321
1.22876
1.19158
1.10899
0.95616
1.26453
1.37944
1.12121
1.54209
1.56782
1.36204
0.941287
1.09811
1.21505
1.64141
1.31417
0.903762
1.32493
1.18139
1.00455
1.61981
1.4188
1.63688
1.19427
1.18986
1.46578
1.40485
1.74411
1.7638
1.22434
0.948793
1.0693
1.27326
1.7213
1.86985
1.23074
1.2179
1.60036
1.24324
1.37741
1.31891
1.02684
1.33365
1.44331
1.25512
1.64891
1.68824
0.893673
1.41612
1.35151
1.42546
1.16478
1.45798
1.38622
1.17222
1.8627
1.13415
1.03187
1.30986
0.93764
1.5846
1.61122
1.32999
1.26425
0.894141
1.64788
0.925836
1.31529
1.0164
1.3624
1.19281
1.24865
0.884427
1.05464
1.46019
0.539354
1.12937
1.22213
0.956933
1.20594
1.25139
0.9825
1.59258
1.28315
1.0808
1.13745
1.07989
0.618048
1.26033
1.36378
1.02303
0.914767
1.08746
1.13141
0.895599
1.27526
1.46899
1.25607
1.537
1.17486
1.05166
0.986596
1.27024
1.40635
1.34762
1.42138
1.05659
1.6287
1.15623
1.15556
1.1993
1.50894
1.32101
1.08444
0.956556
1.31579
1.25224
1.08352
1.39368
1.19287
1.22059
1.43226
1.47089
1.19803
1.38271
1.29989
1.52357
1.36136
0.814732
1.49174
1.07107
1.43979
1.60002
1.0798
0.971558
1.31449
1.58968
1.63418
1.3269
1.17993
0.912289
1.29135
1.17463
1.2255
1.66151
1.51476
1.58959
1.35364
1.72611
1.29016
1.05412
1.44632
1.21734
1.29935
1.62852
1.54561
1.62007
1.31701
1.17406
1.00213
1.20491
1.36002
1.01372
1.03873
1.62501
1.16651
1.21045
1.35218
1.63763
1.65531
1.02696
1.42335
1.141
1.53091
1.44758
1.15004
1.18016
1.47681
1.10605
1.06286
1.05423
1.27404
1.0629
1.25495
1.12783
1.06651
0.651145
1.12485
1.10795
1.36022
1.43406
0.929828
1.53559
1.45625
1.31452
0.96257
1.30016
0.937086
1.73123
1.73508
1.00345
1.53285
1.38102
1.28522
0.852101
0.74458
0.741508
1.32604
1.34464
1.5957
1.47106
1.1067
1.2957
1.24922
1.32178
1.48758
1.48535
1.48564
1.33449
0.954237
1.63462
1.02888
1.41368
1.19018
0.963898
1.13969
1.28646
1.66791
0.980625
1.68172
0.970585
1.57375
1.41802
1.10732
1.1455
1.20539
1.49366
0.852663
1.06282
1.6428
1.18375
1.37035
1.19806
1.27519
1.64025
1.24011
0.823037
1.31206
1.2939
1.12488
1.51223
1.55503
0.913429
1.09437
0.659248
1.22244
1.14475
1.27032
1.51849
1.37224
1.39835
1.13094
1.20453
1.37927
1.50364
1.42469
1.12917
1.27719
0.842873
1.59138
1.23864
1.5251
1.10031
1.54738
1.48244
1.25084
1.31895
1.33305
1.27875
1.03435
1.58381
1.51221
1.57215
0.74018
1.21296
1.60244
1.6719
1.43419
1.68241
1.38911
1.46432
1.65695
1.37519
1.23109
1.47942
1.60208
1.14668
1.62205
1.35703
0.813924
1.54766
1.73865
1.14837
1.54248
1.67254
1.92531
1.74801
2.19566
1.45173
1.31077
1.65102
1.04674
1.19071
1.43468
1.59938
1.48031
1.5056
1.10618
1.47209
1.56994
1.82708
0.823023
1.19057
1.33452
1.49281
1.1137
1.5631
1.98778
1.65891
1.00952
1.49941
1.07327
1.5776
1.23556
1.36325
1.0127
1.14965
1.04469
1.18215
1.44996
0.985682
0.691602
1.18671
1.28588
1.11198
1.23906
1.04165
1.3494
0.991792
1.21268
1.39321
0.740566
1.23741
1.01894
1.55286
1.06967
1.022
0.977853
1.01879
1.08329
1.07773
1.46104
1.19485
1.15534
0.867709
0.877225
1.20213
1.27323
1.48701
0.950919
1.19484
1.34708
1.62108
1.42478
1.44048
0.91981
1.56244
1.1295
1.4136
0.981947
1.24993
1.03192
0.925335
1.02323
1.15637
1.52077
1.27043
1.45711
1.28912
0.868791
1.15338
1.66938
1.44143
1.47748
1.13445
0.890483
1.68203
1.57309
1.77422
1.77058
1.17096
1.27711
1.192
1.08101
1.61364
1.79059
1.39503
1.56075
1.75993
1.02497
1.50234
1.07072
1.13333
1.27314
1.61121
1.53434
1.33585
1.75098
1.13287
1.82744
1.40394
1.53683
1.18185
1.6078
1.32006
1.4309
1.61669
1.23471
1.49262
1.15545
0.956583
1.88765
1.52127
1.34353
1.56969
1.06726
1.15138
1.06821
1.06979
0.771316
1.33327
1.60556
1.35201
1.01201
0.678965
1.25901
1.62201
1.47132
1.37049
1.04605
1.20136
0.919164
1.30579
1.38587
1.23039
1.31274
0.765836
1.30026
0.73683
1.43896
1.30109
1.17838
1.03257
1.43931
1.01689
1.28579
1.73188
1.07795
1.40189
1.13573
1.0506
1.13029
1.31956
1.42981
1.28981
1.39783
1.21885
1.11263
1.14464
0.91817
1.577
1.25471
1.08786
1.33634
1.49288
1.33213
1.5498
1.07292
1.2691
1.34998
1.26775
0.992551
1.36801
1.40006
0.905306
1.77871
1.45689
0.923132
1.35228
1.51958
0.968168
1.56933
1.71508
1.62012
1.53046
1.91811
1.32542
1.18287
1.38614
0.619164
1.1694
1.2422
1.44936
1.24802
1.59216
1.13481
1.45363
1.58307
1.7633
0.99335
1.39399
1.2436
1.39995
1.25625
1.27803
1.62307
1.41472
0.881326
1.39955
1.09984
1.36894
1.56252
1.18344
1.68714
1.14685
0.929252
1.08834
0.874249
0.999421
1.51228
1.42714
1.31727
1.33317
1.31883
1.25905
1.12046
1.47263
0.646132
1.50826
1.43119
1.47873
1.63929
1.6266
1.34354
0.753392
1.44662
1.09302
1.31105
1.11735
1.52391
0.934022
1.16724
1.62124
1.20755
1.35123
1.71334
1.56037
1.49557
1.34858
1.10401
1.09728
1.46387
1.93929
1.41507
1.31604
1.21516
0.617858
1.26773
1.33949
1.07942
1.02878
0.990157
1.20956
1.27209
1.33909
0.975171
1.35877
1.11072
1.54755
1.36817
1.36344
1.09827
1.32458
1.24951
1.33873
1.3891
1.01892
1.05668
1.20065
1.07398
1.06283
0.84382
0.965892
1.05247
1.10916
1.39596
1.26932
1.50597
1.17296
1.34859
0.939359
0.965416
1.48302
1.52567
1.19411
0.859906
1.52861
1.46314
1.30705
1.20184
0.997743
1.27246
1.13482
1.23436
1.42191
0.822825
1.33182
1.27955
1.41055
1.38554
1.31579
0.940347
1.43813
1.31212
1.35762
1.16596
0.831189
0.753867
1.4443
1.36463
1.3378
1.00637
1.004
1.17441
1.05003
1.33282
1.53175
1.24687
1.45133
1.27336
0.876271
1.50086
1.26001
1.01231
1.15056
1.23439
0.964145
1.47007
1.01924
1.13665
1.02038
1.76695
1.34995
0.834228
1.14795
1.17596
1.12056
1.39253
1.35138
0.909213
1.06704
1.07864
0.812628
0.712707
1.21094
1.18247
1.4418
1.20645
1.13861
0.938674
1.13987
0.894584
1.08801
1.55926
1.31138
1.32225
1.32153
1.18381
0.930079
1.06646
1.11043
1.03624
1.23127
1.68209
1.35145
1.44141
1.04097
1.29782
1.03644
1.23534
1.30482
1.25856
1.06671
1.53441
1.22953
1.18902
0.921453
1.35282
1.2321
0.899792
1.13134
1.1531
1.38851
1.58145
1.57119
1.65443
1.41107
0.52703
1.76869
1.62725
1.39949
1.59062
1.38671
1.21451
1.3526
1.26833
1.70435
1.5631
1.17265
1.39524
1.58767
0.964481
1.56486
0.929082
1.37953
1.13168
1.54605
1.50141
1.61042
1.63847
1.11759
1.74066
1.14784
1.23615
1.3237
1.57842
1.46955
1.22743
1.8347
1.21014
1.53445
0.977522
0.995089
1.85647
1.55115
1.04643
1.16761
0.872188
0.925222
1.13569
0.924399
1.31447
1.42768
1.12459
0.877292
0.980207
0.629148
1.13072
1.23748
1.20226
1.0601
0.8822
1.17989
0.886979
1.01169
1.28559
0.871841
1.26115
1.14368
1.02027
1.01839
1.32861
1.08873
1.09323
1.19762
1.0058
1.26651
1.06076
1.09377
1.0292
1.25879
1.24085
0.943666
1.15397
0.972733
1.09943
0.965188
0.98407
0.998319
1.08209
1.36202
0.971192
1.04474
1.21029
1.07953
1.31842
1.0902
1.39331
1.0919
1.4489
1.09624
1.23906
1.19123
1.02336
1.13212
0.932839
1.26107
0.989614
1.11088
1.13638
1.21555
1.20296
1.15337
1.52591
0.953372
1.23304
1.37647
1.6123
1.38842
1.4263
1.06449
1.27036
1.24729
1.51795
1.18295
1.15455
0.724649
0.801672
1.01857
1.21291
1.58291
1.1425
1.07859
1.52963
1.54621
1.37072
1.03664
1.2413
1.09603
1.49104
1.62961
1.21298
1.69318
1.16349
1.23806
1.00176
1.07705
0.991842
1.47609
1.54185
1.53473
1.35182
0.927128
1.50955
1.31961
1.37947
1.53739
1.73904
1.4661
1.24899
1.17213
1.52676
1.30953
1.49299
1.2355
1.21374
0.933222
1.30012
1.0772
1.48279
1.2299
1.38812
1.41739
0.995041
1.01115
1.34819
1.07059
1.15189
1.34198
1.26602
1.36079
1.53553
1.40254
1.15163
0.903342
1.25946
1.07356
1.49916
1.48918
1.59129
1.0808
0.976009
1.4904
1.24733
1.38117
1.30418
1.54401
1.12504
1.25207
1.2378
0.99632
1.49085
1.58268
1.4153
1.22928
1.06762
0.865427
1.16648
1.27067
1.34918
1.43287
1.47219
0.978281
1.03504
1.17708
0.722824
1.55708
1.51858
1.54926
1.29781
1.42969
1.05357
0.987601
1.25908
0.842354
0.923894
1.50253
1.24121
1.25372
1.44268
1.29694
1.0487
1.20119
1.62879
1.04046
1.39214
1.56399
1.23504
1.02645
0.939054
1.5526
1.34651
0.813143
1.30453
1.01988
1.50344
1.5633
1.24515
1.39159
1.14125
1.13265
1.21239
1.13001
1.42144
1.23006
1.25501
1.09273
1.46294
0.679509
1.45658
1.10154
1.25872
0.830051
1.35111
1.16798
1.31129
1.62639
1.02062
1.55017
0.983492
1.12019
1.10845
1.39974
1.35126
1.17821
1.49467
1.18974
1.46044
0.917001
0.859822
1.70106
1.23925
1.29781
1.3822
1.3129
1.12
1.18271
1.06479
1.44761
1.11968
1.09543
1.44823
1.24178
1.06691
0.97506
1.42547
1.67034
1.20982
1.37819
1.45822
0.798848
1.27275
1.25351
1.36151
1.23081
1.44239
1.3292
1.58849
1.08129
1.19617
1.42429
1.38453
1.43081
1.19036
1.1842
1.24943
0.821689
1.21346
1.7685
1.47779
1.25434
1.3258
1.69199
1.27922
1.58968
1.76779
1.52023
1.57179
1.68867
1.46588
1.11677
1.21669
0.638927
1.21876
1.3337
1.55975
1.59668
1.37909
1.18046
1.3052
1.48886
1.65007
1.35389
1.43682
1.28201
1.25608
1.5294
1.39852
1.5584
1.48516
0.949145
0.97737
1.28695
1.11202
1.35868
1.12688
1.37229
1.2812
1.53858
0.857984
1.39368
1.45779
1.39942
1.04497
1.45231
1.65948
1.66837
1.31194
1.43135
1.18107
1.50598
1.02553
1.52401
1.28197
1.20512
1.33888
1.63384
1.1829
1.53986
1.21119
1.57254
1.40583
1.84086
1.09855
1.41151
1.38143
1.13332
1.11483
1.53076
1.32209
1.52279
1.59341
0.8805
1.28305
1.30458
1.54791
1.19799
1.35154
1.5155
1.36841
1.53342
1.34126
1.46296
1.47732
1.11537
1.42839
1.30489
1.55211
1.11215
1.55239
0.897682
1.42674
1.33938
1.44917
1.46418
1.53141
1.28395
1.3169
1.17933
1.02595
1.27114
1.04399
1.13069
1.11184
1.27933
1.57771
1.38945
1.70121
0.879054
1.24521
1.41037
0.950765
1.12086
1.47779
1.19823
1.23466
1.21349
0.769868
1.30286
1.27798
1.29685
0.732272
0.643904
1.01311
1.32439
0.94385
1.32613
1.44457
1.29295
0.740692
1.26752
1.02038
1.05795
0.844789
1.38708
1.42023
1.06528
1.14578
1.14098
1.0336
0.931437
1.28661
1.09245
1.04599
1.07847
0.96827
1.27277
1.20902
1.16002
0.962485
0.819615
1.28413
1.3921
1.37582
1.23963
0.625221
1.55046
1.18386
1.37654
1.10238
1.04436
1.15852
1.10719
1.36525
1.32909
1.27401
1.07562
1.16795
1.12541
0.836827
1.34404
1.39107
1.29045
1.52868
1.55504
1.13193
1.29359
1.26971
1.21195
1.35171
1.28505
0.955812
1.48483
1.05196
1.21656
1.22857
1.53631
1.31769
0.946218
1.12806
1.19227
1.34561
1.35111
1.46123
1.51416
1.43839
1.52482
1.58492
1.09935
0.875473
1.22067
0.959192
0.92148
1.18824
1.3326
1.01158
1.3012
1.32765
1.24472
1.08892
1.66928
1.21387
1.50241
1.30976
1.01567
1.14786
1.16992
1.81958
1.20598
0.977211
1.39609
0.848289
1.24121
1.79716
1.63239
1.63892
1.04117
1.50982
1.76477
1.48882
1.35228
1.53996
1.25695
1.01326
1.46103
1.27905
1.66324
1.17
1.31112
1.52942
1.22955
0.785171
1.44271
1.11055
2.02492
1.78997
1.51037
1.39285
1.43167
1.14768
1.41694
1.25306
1.30077
0.882027
1.59963
1.74278
1.64713
1.40298
1.36022
1.0584
1.19773
1.31811
1.57344
1.48652
1.38477
1.11701
1.72048
1.13815
1.3724
1.44109
1.40739
1.62425
1.65132
1.07027
1.48435
1.36112
1.01637
1.16551
1.10394
1.21127
1.31594
1.11954
1.33528
1.62821
1.19073
1.44007
1.52332
1.34401
1.46475
1.45651
1.41385
0.992228
1.85124
1.51515
1.40438
0.990969
2.02491
1.2695
1.06515
0.952631
1.37377
1.38811
1.45601
1.17303
1.15812
1.38365
1.51825
1.27795
1.21195
1.18007
0.967664
1.54501
1.76976
1.26972
1.11418
1.21341
1.0123
1.45583
1.43471
1.61766
1.1165
1.72059
1.33641
1.00552
1.32544
1.18941
1.37154
1.29572
1.14999
1.44043
1.40193
1.50182
1.53503
1.65658
1.24904
1.58717
1.42788
1.74496
1.29327
1.31952
1.20943
2.01287
1.63995
1.705
1.29478
1.83177
1.39139
1.20757
1.21982
1.49165
1.16591
1.51134
1.39098
1.20976
1.19508
0.993324
1.402
0.879512
1.04772
1.24645
1.05605
1.42599
1.04785
1.01805
1.22602
1.0432
1.0626
1.23094
1.24733
1.16413
1.28375
0.684781
0.896105
1.35111
1.0874
1.15948
0.841264
1.20501
1.17154
1.55622
1.29246
1.15176
1.34992
0.800974
1.00849
1.42294
1.41311
1.41752
1.37069
0.66468
1.22139
1.43656
1.65175
1.5737
1.08926
0.986357
0.839036
0.974457
1.26119
1.62909
1.7813
1.61658
1.41393
1.30266
1.52846
1.24026
1.32537
1.47983
1.62071
1.50833
1.1466
1.66994
1.17446
1.46316
1.25671
0.922556
1.4837
1.46326
1.02411
1.26466
1.38278
1.33236
1.36776
0.9957
1.10402
1.26783
1.4584
1.03691
1.30481
1.23604
1.07214
1.25442
1.09603
1.29506
1.34378
0.611954
1.04075
1.08318
1.3333
1.12614
1.36135
1.59174
1.05517
1.20808
0.837686
1.49737
0.918121
1.45995
1.45151
1.12368
1.17064
1.24256
1.71794
1.29592
0.712098
1.41729
1.03594
1.2486
1.14118
1.60203
1.42759
1.35444
1.34603
1.41639
1.63264
1.57985
1.22764
0.941893
1.68969
1.63978
1.65482
1.3076
1.41438
1.39654
0.938884
1.29472
1.56111
1.24192
1.27597
1.26804
1.34667
1.40772
1.25058
1.32951
1.32648
1.55241
1.33644
1.29966
1.04845
1.22005
1.30876
1.23478
1.5335
1.57743
1.65474
1.36229
1.51851
1.63843
1.53116
1.00475
1.362
1.10359
1.74919
1.81694
1.25233
1.43509
1.52952
0.79866
1.45979
1.24551
1.38382
1.37837
1.69115
0.978791
1.26079
1.19348
1.48208
1.48556
1.71545
1.31549
1.34188
0.941284
1.20988
1.37276
1.11002
1.15895
0.704415
0.964594
1.04629
1.14541
1.48431
1.39792
1.2903
1.35165
0.646497
1.42672
1.3644
1.10767
1.42645
1.41412
1.28661
1.67595
0.893445
1.41588
1.32625
1.50736
1.63745
1.15599
0.811965
1.07752
1.11039
1.29483
1.40991
1.31943
0.705398
1.32006
1.56856
1.66035
1.42345
1.03411
1.36641
1.07755
1.61425
1.11864
1.22503
1.07223
1.71637
1.66106
1.10362
1.26734
1.28765
1.38284
1.36608
1.19211
1.45788
1.42597
1.24371
1.34781
1.68696
1.58952
0.64519
1.64457
1.33358
1.1141
1.3676
1.32304
1.50512
1.40351
1.35531
1.10447
1.14407
1.21909
1.24857
1.41342
1.80409
1.55578
1.23695
1.24917
1.36999
1.1676
1.5424
1.4213
1.4664
1.33855
1.08427
1.13525
0.995112
1.77506
2.05363
1.7388
1.22616
1.4171
0.833982
1.33472
1.03858
0.947653
1.45258
1.52387
1.32987
1.29664
1.40364
1.78048
1.17679
1.47667
1.33113
1.23769
1.15463
1.11782
