3.76698
4.269
4.13051
4.03297
4.18108
3.7402
4.12953
4.17798
3.95225
3.82845
3.63375
4.13566
4.3792
3.96464
3.71506
4.11182
3.96037
3.93758
4.03848
4.34317
3.88871
3.95632
4.28879
4.18147
4.01497
3.83491
3.7638
3.60251
4.04117
3.95352
4.13505
3.83054
3.98235
3.97951
4.23167
4.15892
3.9321
3.75795
4.18026
3.73542
3.8695
4.7724
3.92784
4.19653
3.67578
4.24775
4.18779
4.61723
4.1449
3.91076
4.10074
3.9584
4.13497
4.22049
4.05367
3.60456
4.22516
4.04292
4.15025
3.91028
3.83871
4.07469
3.89695
3.97564
3.59814
4.1732
3.94817
4.13827
3.93778
4.02237
4.03348
4.16954
4.16972
4.18386
3.92924
3.94925
4.31439
3.85834
4.15018
4.11903
4.22697
3.96756
3.94943
3.79486
4.02421
3.95309
4.16659
4.48422
4.21628
3.83023
3.98044
4.42563
3.83131
3.87338
3.84379
4.41035
4.18672
3.94309
3.88466
4.04771
3.93591
4.13235
4.10728
4.15975
4.33949
3.80396
4.45926
4.05678
3.49007
4.26167
4.34818
4.20731
4.26601
4.00922
3.82236
3.93539
4.4957
4.02718
3.75179
4.2286
3.64715
4.16603
4.26899
3.81465
4.19452
4.232
4.03516
3.74731
4.15006
4.19159
4.15663
4.44399
4.16388
4.30061
4.01233
3.87864
4.09869
4.14358
3.96269
4.55169
4.40799
4.10733
3.922
4.25722
4.09187
4.22911
4.51549
4.20181
3.96382
4.41883
4.18975
4.23592
4.41055
3.88966
4.17609
4.23109
4.38802
4.33099
4.43664
4.02924
3.7087
4.20392
3.86343
3.92421
3.99099
3.73452
4.2704
4.23595
4.08604
3.91063
4.48591
4.03585
3.67768
3.90683
4.40683
3.97951
4.00146
4.29132
4.36946
3.8998
4.34908
4.36197
4.25332
3.99092
4.30925
3.89891
4.22084
3.99605
3.76879
4.35505
4.08965
4.0164
3.97265
4.0006
4.18475
4.11664
3.96805
3.70777
4.21549
4.1562
4.35821
4.05349
4.15023
4.05567
4.06878
4.23867
4.34352
4.2594
4.04814
4.23917
4.18179
4.24819
4.10641
4.29285
4.09955
4.1738
4.47759
4.05197
3.99666
4.39412
4.09923
3.61406
4.12992
4.09831
4.54863
3.92851
4.54409
4.27987
4.07568
3.78514
4.14963
3.98329
3.71085
4.1536
3.84699
4.22214
4.59134
4.10063
4.09304
4.2874
4.18846
4.18621
4.18652
3.955
4.46329
4.1069
3.78804
4.12767
4.24912
4.00813
4.03032
4.14818
3.89349
4.5153
3.90704
4.23123
4.30919
4.10596
4.10279
4.02761
3.82749
4.01904
3.92847
3.9007
3.86913
4.1887
4.40084
4.34767
4.18458
4.10402
3.94677
4.2739
4.15883
4.02607
4.03896
3.94085
4.31947
4.62928
3.84728
3.9945
4.08315
4.00094
4.18568
4.17174
4.14788
4.07104
3.80821
3.7851
4.32029
3.94688
3.92224
3.88973
4.18506
4.22176
4.47129
4.16455
3.86902
4.05703
3.74358
4.27766
3.77737
3.95
4.06729
4.10469
3.74241
3.94821
3.90979
3.50278
3.66089
4.13134
4.2314
3.88739
4.20863
3.94017
3.91053
4.02321
4.18641
3.82307
3.66799
4.03484
3.86508
3.90965
3.79558
4.16233
3.77524
3.77989
3.85727
3.93657
3.74906
3.8909
4.02749
3.89707
4.23865
4.00927
4.47255
4.02569
3.80248
4.0456
4.09519
3.77167
3.79811
3.99272
4.11028
3.90788
4.16404
3.93387
4.17785
4.01824
4.02462
4.17007
3.92332
3.77259
3.97794
4.09324
3.96614
3.75245
3.74806
4.13317
3.753
3.96792
4.00527
3.94494
4.18827
4.00652
4.10327
4.02962
4.21868
4.11341
4.0102
3.89284
4.0222
3.92194
4.11199
4.00994
3.88587
3.93857
4.0647
3.96055
3.95247
3.71338
4.18014
4.1121
3.80033
3.99275
4.05377
4.436
3.60673
3.85453
3.89461
3.94046
4.41306
4.35867
3.86263
4.26876
4.58513
4.22639
4.15502
4.28963
4.66879
4.37239
4.51628
4.57413
4.5054
4.25483
4.43459
4.27363
4.35307
4.12121
4.011
3.97579
4.52554
4.10567
3.28044
4.36283
3.72283
4.00583
4.4421
4.70119
4.05464
4.44925
4.41067
4.68131
4.42378
3.8665
4.29565
4.12769
4.19874
4.81529
4.41157
4.30931
3.67256
4.7188
4.30858
4.72526
4.54464
4.24071
4.02903
4.52137
4.31196
4.44555
4.5669
4.13188
4.46273
4.26029
4.13872
4.78457
4.17176
4.50389
4.48628
4.46706
4.07539
4.55757
3.93805
4.35111
4.5746
4.1398
4.36935
4.1669
4.29446
4.65626
3.69385
4.24315
4.23965
4.49227
4.45977
4.25279
3.73515
4.2132
4.90163
4.53457
4.49926
4.40389
4.38795
4.29646
4.21283
4.59469
3.9092
4.27498
4.13368
4.86647
4.17224
4.08712
4.51369
4.09951
4.41808
4.15882
4.2471
3.97966
4.20363
3.9645
3.7971
4.19786
4.31301
4.36432
3.95844
4.46807
4.30752
3.87967
4.12245
3.96929
4.46659
4.31503
3.9829
4.10523
4.16631
4.1832
4.16623
3.92924
3.81783
4.03495
4.42104
4.0693
4.41875
4.34791
4.12338
3.87484
4.18999
3.97612
4.52076
4.20417
4.23522
4.15825
4.36881
4.23875
4.2016
4.42455
4.34003
3.78649
3.9433
4.26462
4.01783
4.34493
4.80506
4.00428
3.99107
3.60005
4.48448
4.20014
4.57673
4.2527
4.12798
4.26398
4.24161
4.36445
4.19355
3.44678
4.40275
4.1832
4.29031
4.0712
4.00694
4.44031
4.5897
4.61733
4.3869
4.20321
3.86926
4.54149
3.86082
4.40297
4.13203
4.45811
4.47031
3.78468
3.64033
4.3712
3.92263
4.21064
4.15849
3.81497
4.08535
4.36049
4.25862
4.06864
4.36814
4.32462
4.32041
4.017
3.77905
4.24915
3.98293
4.37741
3.81081
4.01375
3.99487
4.33543
4.02459
4.33565
3.78529
4.15128
3.71981
4.59186
4.41884
4.09789
4.16659
4.4001
4.11684
3.97238
4.28128
4.13046
3.96663
4.16254
3.76249
4.41758
3.86087
3.86632
4.36618
3.90681
3.94477
3.71335
3.75477
4.35032
4.09243
3.97778
4.65406
3.59696
4.14175
4.32453
3.80059
4.42694
4.25329
4.18867
4.0722
3.95167
4.01513
3.68461
4.11717
4.11939
4.27216
4.27327
3.99765
4.4886
4.11081
4.04872
3.80899
4.11793
3.76451
3.79691
3.85571
3.89415
4.28723
4.21736
4.13637
4.13165
3.98185
3.99638
4.49535
4.42081
4.27884
4.32968
3.87398
4.18813
3.99313
4.04286
4.03619
4.18744
4.20541
4.0525
4.5184
3.53551
4.19567
4.34951
3.91633
3.87249
4.24068
4.15582
4.23919
4.19738
4.41944
4.07197
4.59388
4.1126
4.3379
3.97864
4.13239
3.81631
3.97352
4.04528
4.14217
4.09782
4.29742
4.1903
4.01775
4.31517
4.15365
4.01603
4.19475
4.38322
4.38795
4.21649
4.37406
3.88058
4.11852
3.44266
4.08555
4.41382
4.33221
3.92338
4.44007
3.92554
4.26376
4.1241
4.05711
4.20902
4.37532
3.9059
4.29809
3.92931
4.22807
4.0293
4.18073
4.11391
4.42448
3.66384
4.39598
3.82385
4.10507
4.26972
3.9869
4.16882
4.01187
3.89357
4.0053
4.08925
3.98058
4.17495
4.06163
4.01065
4.15449
4.0772
4.04268
3.70922
4.2895
3.96349
4.05711
3.69896
3.65356
4.41889
4.3348
3.58032
4.21775
3.6125
4.33
3.83527
3.93129
3.84749
4.09182
4.384
4.08377
4.54631
4.06518
4.2053
4.39058
4.06325
3.98565
3.92179
3.9588
4.04052
4.16295
3.83715
3.99942
4.21759
3.99372
4.21399
4.15061
4.04961
4.02182
4.05074
4.04347
3.98101
4.02168
3.8232
3.78329
3.66803
4.38891
4.01689
3.93062
4.08894
4.11881
3.98939
4.05672
4.18324
3.91289
3.90946
4.14025
3.72724
4.28585
4.13314
4.24276
3.84722
4.25444
3.96712
3.6569
3.88386
4.51222
4.13097
3.74748
4.1666
4.00219
3.94586
3.89502
3.87217
4.08446
3.7451
4.12118
4.37956
3.84581
4.15349
3.96994
4.15694
4.34916
4.21905
4.08762
4.02751
4.61889
4.47042
3.85466
3.76549
3.99512
4.03221
3.68065
3.89099
3.95195
3.64549
3.97773
4.10249
3.97595
3.78629
3.99749
4.20458
3.88195
4.39818
4.1551
4.05025
4.32666
3.97475
4.05811
4.23941
4.29025
4.29899
4.4625
4.33526
4.05289
3.98315
4.04155
3.74825
4.13899
4.0516
4.04836
3.76509
4.12863
3.82749
3.91032
4.14478
4.03092
4.24463
3.93096
4.3593
4.06069
3.7583
3.97866
4.27988
4.12384
3.91198
3.89193
3.65089
4.17936
4.20618
4.27815
4.21418
4.20696
4.55963
4.22282
4.12521
3.78669
4.17439
4.28188
4.29154
4.28667
3.8779
3.86754
4.13312
4.2857
3.83255
4.4869
4.11617
4.11865
3.9943
4.14564
4.16676
4.00803
3.91292
4.18271
4.07165
4.10415
4.34071
4.16971
4.08626
4.39944
4.1124
4.14748
3.99301
4.34463
3.88544
4.16989
3.80736
4.32385
4.25743
4.04515
3.42376
3.94263
3.8822
4.03997
3.84643
3.6286
4.32038
4.0911
3.94375
4.06906
4.33488
4.2842
4.20166
4.004
4.58365
3.85354
4.17592
3.77339
4.25986
4.48801
4.00602
4.25572
4.27588
3.96824
4.35445
4.16725
3.86473
4.28959
3.91385
4.38443
3.86313
4.32846
4.11944
4.09596
4.13263
4.33545
4.00372
3.74733
4.16962
4.00331
4.13974
3.88194
3.88389
3.6974
4.07805
4.16176
4.32094
4.25823
3.85771
3.87171
3.99869
4.04835
3.94599
3.97669
3.5467
4.20003
4.26492
3.92127
4.11028
4.07156
4.14574
3.917
3.76789
3.94138
4.34846
4.32733
4.31235
4.61162
4.21271
3.87174
4.03481
4.22436
4.29603
4.31833
4.28225
4.47602
3.92914
4.31753
3.62443
4.12509
3.95517
4.00826
4.01504
4.03592
4.1729
4.38117
3.96003
4.04399
3.8398
3.87494
3.59434
3.92388
4.29357
4.3479
4.33769
3.71583
3.72754
3.96477
4.21556
4.20273
4.21748
4.14523
4.10684
4.25191
3.67978
4.05073
4.24164
3.9354
4.17825
3.88601
4.07253
4.16573
4.33876
3.97708
4.11174
4.06572
3.84497
3.63563
4.3042
4.31202
4.30997
3.88837
3.83626
4.22357
3.67846
3.96464
3.74443
4.07119
4.01107
4.21219
3.85593
3.63727
4.09227
3.87102
3.92053
3.95887
3.98684
4.03232
3.83272
4.28533
4.19166
3.90415
4.27484
3.66858
4.21951
3.89388
4.024
4.15398
4.11154
4.12378
4.0681
3.82861
4.22548
3.94332
3.83153
3.88187
3.91221
3.73991
3.61595
3.90816
3.8644
4.09637
3.89741
4.20365
4.27925
3.96562
3.96077
4.1514
3.95957
3.58097
4.274
4.06509
4.33536
3.99185
4.2801
4.12192
3.69946
4.07631
3.70987
3.55369
3.58569
3.95226
3.75838
4.10481
3.83174
3.881
4.1353
4.16665
3.72902
4.24437
4.2295
3.9912
3.73714
4.01924
3.90296
3.8923
4.05662
4.09663
4.18523
3.92686
4.14385
4.27313
4.2039
3.83152
4.03536
4.02789
3.77081
3.86195
4.26365
3.8544
4.30842
3.90712
3.68803
4.0148
4.43387
4.08767
4.08917
4.15948
3.91363
4.00165
4.58935
3.91712
3.39136
4.21194
3.9995
3.92524
4.28458
4.34877
4.01109
3.57557
4.20106
4.31303
4.30017
3.78036
4.18486
4.28768
3.89907
3.93188
4.21016
4.40271
4.22573
4.26867
4.45645
4.27772
4.09556
3.90754
4.42519
3.92884
3.65087
4.12531
4.32772
4.02014
3.88377
4.43484
4.34222
4.32121
4.38765
4.03982
4.05022
4.22037
4.17955
3.7755
4.54667
4.35414
4.2957
3.72755
4.05138
4.03118
4.0325
4.39217
4.07163
4.00084
3.9737
4.44945
4.08806
3.91178
4.18208
4.03975
4.25585
4.04611
4.16716
3.86635
3.95097
4.02483
3.88372
4.22942
4.52818
4.25761
4.64103
4.151
4.03759
3.74453
3.74348
3.99624
4.114
4.08062
3.89087
3.87919
4.28986
3.82057
3.97711
3.94929
4.18856
3.79728
4.16116
3.93342
4.04202
4.15356
3.98188
4.25668
4.46872
4.50801
4.41656
4.29114
4.13195
4.05665
4.02825
4.36445
4.59193
4.30043
3.97725
4.08877
4.04529
4.12835
4.40521
4.23425
4.0308
3.78644
4.2822
4.17304
3.49174
4.08296
4.15546
4.01455
4.06703
4.10544
3.90538
3.98166
4.3195
3.84946
4.10737
3.99991
4.10991
4.37093
3.96152
4.48261
4.02142
4.16374
3.94295
4.04866
4.15495
3.88117
3.67668
4.22785
4.20831
3.78295
4.27094
3.94348
4.23437
4.00249
4.19691
3.98367
4.74205
4.17691
3.95387
4.25995
4.57252
3.94175
3.88062
4.26975
4.05276
4.2519
4.32994
4.01816
4.35122
4.01878
3.77319
4.23883
4.10672
4.23599
4.19366
4.10925
4.12033
4.26564
4.40192
4.06351
3.65105
4.3017
3.81408
3.98318
3.86928
4.01951
4.11022
4.20559
4.46094
4.14184
4.3337
4.11779
3.83394
4.14585
3.9685
4.01213
3.72542
4.30197
4.33475
3.83075
3.89638
4.09371
4.00845
3.878
4.36017
4.27097
3.5921
4.24973
3.89969
3.85302
3.79124
4.14407
4.0252
3.95827
4.1906
3.87528
4.01205
3.89387
3.76814
3.77183
4.19547
3.99539
3.97791
4.30844
4.283
3.81389
4.07187
4.11799
4.07777
3.85677
3.84416
3.69589
4.11563
3.82873
3.69385
4.334
3.82143
4.15599
4.16582
4.0127
4.1291
4.2232
4.06911
4.28177
4.11457
4.22843
3.80864
4.17366
4.1315
3.8437
3.81489
4.52581
4.14888
4.26297
3.95025
3.81971
4.28973
4.07601
4.44715
4.12086
4.3501
4.20314
3.97087
4.23714
4.3553
4.10262
3.80491
3.9649
3.53134
4.3184
3.6503
4.2477
4.09956
4.12659
3.69061
3.93467
4.19753
3.91088
3.80946
3.76766
3.81383
4.36434
3.98382
4.21849
4.02163
4.13451
3.90824
4.02093
4.17072
4.14449
3.86755
3.98825
3.73679
3.90882
3.77962
4.19134
3.80981
3.63705
3.73813
4.23
4.09709
3.40729
4.39277
4.06382
3.67981
4.09568
4.03432
3.95281
4.10497
3.70554
3.82359
3.87024
4.08757
3.98517
3.70443
3.65472
4.40421
3.72058
3.5638
4.06518
3.82717
4.26843
4.08351
4.43058
4.16561
4.29699
3.88576
4.25575
3.79171
4.11542
4.04048
3.77666
3.75753
3.49464
3.91159
4.26657
4.14531
4.1094
3.98714
3.53246
4.04034
4.12617
3.85849
3.55336
4.03702
4.27715
3.83314
3.93159
3.68202
3.88741
3.75278
4.34931
4.12238
3.95248
4.3063
3.94213
3.87943
4.20799
4.33593
4.39237
3.94075
3.89383
4.20763
4.16874
4.27534
4.1927
4.25219
4.00756
3.97312
3.799
4.12421
4.71301
4.06623
4.10406
4.51878
4.03925
4.32134
4.39841
4.14709
3.98523
3.99684
3.85185
4.22137
4.53638
4.13457
3.75644
4.30478
3.90343
4.41662
4.23356
4.04552
4.13767
4.12397
4.1083
4.17828
3.82647
3.86532
3.81255
3.95667
4.02451
4.37991
3.60082
4.02679
3.86046
3.80409
3.76021
4.12475
4.37796
3.93332
3.96847
3.57098
4.09405
3.94552
4.15888
3.80483
3.98464
3.77254
4.66317
4.10048
3.75761
4.10535
3.94721
4.15116
4.04539
3.97988
3.83963
3.93793
4.25101
3.97469
3.506
4.32685
4.00153
3.94057
4.13918
4.38399
4.03163
3.83693
3.67838
4.1655
3.98009
4.07896
3.9511
3.98153
4.01075
3.85195
3.9915
4.10962
4.50468
3.87505
4.27124
3.76054
3.87592
4.17157
4.21297
3.89837
3.51835
4.3147
4.11178
4.15308
4.25146
3.88105
3.78084
3.88282
4.40181
3.75393
3.89314
4.13537
3.94049
4.10756
4.1095
4.00887
4.05343
3.71706
4.2543
4.03841
3.76087
3.73707
3.97944
3.98048
3.72483
3.64189
4.15186
3.96287
3.73077
4.2431
4.13783
3.83776
4.02108
4.04912
3.99024
4.03979
3.99321
3.90086
4.01127
4.00918
3.9426
4.14253
3.76727
4.01446
3.98741
3.87728
4.00498
4.12128
4.06118
3.84331
4.25882
4.06521
3.9139
3.63316
4.05433
4.09123
4.04693
3.8499
4.20044
3.91479
3.59314
4.11605
3.85737
3.65499
3.55835
3.83735
4.06225
3.85902
3.88252
4.12905
3.80761
3.81878
3.7318
4.08289
3.85024
4.16014
3.89937
3.99146
3.39918
3.82464
3.6768
4.10061
4.20982
3.92435
4.32377
3.87889
3.50095
3.70012
4.01787
3.74527
3.98538
3.89639
3.82277
3.91463
3.79732
3.94369
3.80267
4.01908
3.886
4.28469
4.17281
3.80778
3.89689
3.87396
3.9408
3.89901
3.42351
3.8434
3.57527
3.55934
4.19061
3.52616
3.77442
3.74561
4.15578
3.96084
4.11901
3.74113
3.64408
3.77389
3.76605
3.84951
4.29068
4.05774
3.81032
3.84649
4.15821
3.72933
3.79742
4.11125
3.75226
3.94768
4.09053
3.6331
3.68937
4.04836
4.20785
3.72402
3.86842
3.82661
4.17417
4.29549
4.2717
4.26331
4.01541
4.08286
4.14622
4.36856
4.30772
4.2054
4.12345
4.15953
4.47613
4.32544
4.1283
4.07748
4.31125
4.08363
4.1083
4.29691
4.15297
4.17684
4.16197
4.64166
4.25824
3.8386
4.39064
4.06135
3.83587
4.12212
4.23566
4.22537
4.14771
4.26862
3.89294
4.29855
3.80853
4.24003
3.80296
4.19525
4.18046
4.1285
4.56256
4.46255
4.13759
3.4481
3.79608
4.36417
4.41961
3.87891
4.27466
4.08663
4.34634
4.06007
4.06748
4.2232
4.33686
4.23884
4.48335
3.94702
4.27449
3.84938
4.49528
4.16359
3.93762
4.17802
4.17439
4.59879
4.38475
4.01116
4.0168
4.13042
3.93144
4.64549
3.88022
4.01773
4.22023
4.16273
4.0796
3.88496
4.50936
4.19199
4.08245
3.92414
4.76156
4.27928
4.04587
4.02079
3.85974
3.98236
3.9118
4.25311
3.81978
3.80896
4.09598
4.01433
3.97872
3.65593
4.10927
3.70482
4.09387
3.83675
4.0964
4.20275
3.92381
4.28627
4.02708
4.15317
4.24163
4.18325
3.65377
4.33368
3.75929
3.93302
4.04356
3.92204
3.78364
4.0036
4.07849
4.39236
4.16699
4.04822
4.06967
3.43243
4.05311
4.0393
3.81286
4.07755
4.04381
4.15732
3.49138
4.14431
3.85377
4.55315
4.08188
3.7614
4.25204
3.91529
4.07016
4.32592
3.82423
3.99783
4.66056
3.92446
4.36851
4.17407
4.1788
4.17833
4.1484
3.55238
4.12377
3.96688
4.30988
3.82135
4.15663
3.91616
4.21604
4.03363
4.18946
3.96186
3.93472
4.15516
3.87802
4.15119
4.12065
3.93438
3.87715
3.85966
3.94284
3.97916
3.93614
4.31032
4.04363
3.82571
3.77613
3.99704
4.14694
4.47218
3.90447
4.05346
4.28897
3.98892
4.06573
4.02845
4.26802
4.24471
4.28009
4.02475
4.02209
3.84048
4.29081
4.19454
4.48973
4.20911
3.83327
4.09705
4.1591
4.21607
4.21492
4.26136
3.85325
4.11335
3.89601
4.09512
4.13751
3.86707
3.76689
4.0453
4.01384
4.07876
4.44464
4.1365
3.88049
4.28268
3.90205
4.40405
4.36206
4.09851
4.07637
3.93057
4.05497
4.18805
4.54748
4.3091
4.23967
4.14936
3.78633
3.86037
4.10413
4.03552
3.67128
4.01023
4.23188
3.89328
4.23526
4.16581
4.11446
4.50986
4.20799
4.06628
4.13252
4.12133
4.01602
3.95636
4.0122
3.98613
3.87338
4.03621
3.83024
4.32317
4.20242
3.97824
4.16083
4.32964
3.94982
3.98412
4.34197
4.16576
4.07433
3.89018
4.25043
3.59948
4.37022
4.28953
4.40009
4.04571
4.1517
4.1394
4.25828
4.50718
3.87598
4.16285
4.34992
4.24591
4.11909
4.03598
4.56494
4.17844
4.2558
3.74161
4.16548
3.83849
3.85275
4.36973
4.44853
4.29479
3.9659
4.06778
4.32403
3.89704
4.28779
4.10457
4.00647
4.27163
4.36543
3.98299
3.9612
4.26777
3.95462
4.10895
4.42913
3.76604
4.22325
4.38712
4.14168
3.90533
4.18797
3.95629
3.75648
4.06879
4.0217
4.15151
4.20176
4.10238
4.0683
4.12048
3.76991
4.06642
4.03636
3.6729
3.90729
4.18769
4.21973
4.41618
4.2897
3.89331
4.07021
4.03121
3.78191
3.75715
3.85748
4.07274
4.35374
4.45202
4.44395
4.18785
4.1623
3.90892
3.68718
4.44397
4.09496
4.23962
4.19375
4.43743
4.38982
4.09999
3.90514
4.12886
3.87341
4.0171
4.419
3.81361
4.54956
4.29528
4.07275
4.19793
3.79902
4.18912
3.75685
3.98659
3.88401
3.8387
4.00134
4.16532
3.88749
3.9803
3.68865
3.84549
4.35939
3.61138
4.14445
4.19535
4.08262
4.23877
4.34755
3.81798
3.95707
4.47158
4.04189
4.45029
3.934
3.90303
4.05054
3.64701
4.35924
4.16002
3.94005
4.47856
4.08738
4.17619
3.79155
3.86993
4.09824
3.8317
4.18624
4.17199
4.00702
4.03826
4.13522
3.994
3.97846
4.07587
3.67153
3.93241
4.1172
3.82159
4.20499
4.34698
4.04764
4.29817
3.57119
4.11934
3.89723
4.22984
3.76505
4.12241
4.0384
3.99727
4.20097
4.23375
4.25573
3.98458
4.29809
3.94989
3.90993
4.46196
4.32346
4.06701
3.94886
4.14721
3.97789
4.09946
3.46219
3.85014
4.24162
3.94482
3.87293
4.28108
4.04426
3.98453
3.85621
4.21522
4.19758
3.91417
4.27155
4.13491
3.83828
4.10454
4.59396
3.97987
4.43171
4.01655
4.2136
4.00048
4.07556
4.01845
4.09958
3.96968
4.11105
4.3139
4.35265
4.17875
3.95568
4.21944
3.96822
4.34683
4.38391
3.99852
4.19726
4.14904
4.6198
4.1289
4.0267
4.70261
4.15934
4.30006
3.95274
3.99115
4.63092
4.31691
4.00172
4.45687
4.08336
4.04254
4.19089
4.07138
4.09329
3.93464
4.13853
4.23675
4.35386
3.69781
4.49387
4.51063
4.10824
4.27518
4.31416
4.32589
4.17933
4.42418
3.98164
4.20066
4.34887
3.9249
3.93262
3.7055
3.76802
4.03384
3.83911
4.40265
4.2929
3.99679
4.23344
4.3019
4.13124
4.03025
3.89988
4.2977
3.94262
4.42447
3.95416
4.10967
4.25357
4.1322
4.22023
4.51125
3.7711
4.27906
4.54354
4.11656
3.84954
4.24768
4.07888
4.1517
4.20716
4.08503
4.14358
4.7668
3.95969
4.11571
3.99511
4.20026
4.02078
4.02754
3.8405
4.39699
4.2913
4.22357
4.21003
4.28766
3.78978
3.90389
4.00243
3.80462
4.43804
4.11195
4.47864
3.94502
4.0612
4.46043
4.27671
4.03116
4.11451
3.95629
4.46193
4.3692
4.13558
4.26333
3.72556
4.09589
3.94987
4.18513
4.26991
3.94297
3.94218
4.38762
4.2814
4.16435
4.14456
4.31814
4.04982
4.46907
3.81869
4.12778
3.90667
4.4003
4.32216
4.08558
4.18525
4.25417
4.35072
4.27403
4.13358
4.03852
3.82967
4.18672
4.1957
4.17527
3.84946
4.5281
4.20688
4.11657
3.83212
4.11389
4.22993
3.85671
4.51581
4.1316
4.69967
4.22908
4.17828
3.83807
3.89976
3.59929
3.84032
3.81183
4.04176
4.19217
3.88089
4.15462
3.9246
4.08253
4.05574
4.00072
3.73713
3.64883
4.16162
4.13728
4.03565
3.58342
4.25493
4.27293
4.46038
4.12993
3.99812
3.76558
4.1666
4.01629
3.91161
4.23204
4.02624
4.30744
4.23173
3.93381
4.2182
3.69516
4.05555
4.16288
4.36376
3.67985
3.83995
4.12315
4.02215
4.00312
4.26002
4.0085
4.52937
3.93491
4.38205
3.75635
3.83933
3.94903
4.12705
4.29795
3.76699
3.72231
3.98587
4.52633
4.02943
4.32922
4.10654
3.99314
4.0444
4.14732
4.0872
4.13658
4.57555
3.87784
4.35289
3.94049
3.83193
4.1474
4.02177
4.10166
4.06872
3.86774
4.10486
3.92739
4.1194
4.05903
4.12958
4.05255
3.69798
3.90228
3.74281
3.67296
3.79608
4.26495
4.10569
4.25135
4.00041
3.72297
3.97716
4.44356
3.64197
4.16964
4.07158
3.8988
4.12978
4.1896
3.75937
4.02312
3.88583
4.01114
3.78431
4.3723
3.92121
3.99309
3.44498
3.62833
3.74692
3.68863
3.89274
3.83271
4.18884
4.15118
3.88599
4.14987
3.9025
4.52631
4.07707
4.27174
4.16719
4.21086
4.11518
4.18007
4.18631
4.1649
4.285
3.74219
4.33919
3.76126
4.08864
4.50902
4.10773
4.0171
4.06312
3.90251
3.86199
3.98699
4.06132
4.16931
4.11531
3.86797
3.73897
3.80219
3.90459
4.19619
4.13017
4.13626
3.76135
3.68954
3.85361
3.76452
3.97402
4.08584
3.8417
4.43031
4.29774
4.12608
3.55867
4.43826
3.86993
3.88311
4.15226
4.02888
3.77407
3.80796
4.06465
4.11556
3.93987
3.9103
3.95141
4.24931
3.61479
4.23957
3.83503
4.16892
3.92473
3.87085
3.8487
3.57491
3.69821
3.92982
4.08846
3.91271
3.76538
4.0303
4.11444
4.02861
3.64723
3.72666
3.52707
4.32552
3.79949
4.09273
3.87447
3.48605
4.36412
3.90803
4.01195
4.18839
3.68697
4.11961
3.98559
3.97544
3.53539
3.92663
4.2772
4.14511
3.73466
3.74839
4.05383
3.94096
3.93875
4.04434
3.75897
3.87709
4.11346
4.04824
3.93026
4.2171
3.70667
3.7005
3.37469
3.76819
3.87072
4.25136
4.18479
3.79705
3.99795
3.90323
3.86506
4.05772
3.93245
3.85927
3.88843
4.03789
4.24554
3.82852
4.13749
3.99053
4.07495
4.22381
4.25233
4.03093
3.95073
4.24645
4.07257
3.60461
3.94334
4.18516
4.0153
3.80644
4.16167
3.93175
3.9547
4.45925
4.26079
3.96083
4.18544
4.20079
4.21061
4.05226
4.05207
3.78337
3.81165
4.46363
4.08086
4.45628
4.1339
3.95032
3.75968
4.10453
3.72598
3.64532
4.29077
3.98032
3.8688
3.86393
3.79634
4.51771
4.26025
3.9546
3.81216
4.37894
3.98867
4.37204
3.87294
4.13892
3.59905
3.60657
3.96426
3.94028
4.46096
3.95185
4.30742
3.94099
4.44164
4.00771
4.17739
4.05064
4.02461
4.04939
4.33127
4.03016
3.73709
3.6983
4.12814
4.07423
4.08321
3.51404
4.21238
3.92246
4.44882
3.98036
4.34926
4.08798
4.14336
4.36047
3.70716
3.83896
4.28215
3.89016
4.36113
4.468
4.34767
3.82662
4.17686
4.25679
3.82702
4.43991
4.28668
4.06078
3.76048
4.25906
3.99856
4.164
3.86508
4.50489
4.19972
3.64556
4.45149
4.28885
4.1081
3.7119
3.77526
4.13382
4.09823
3.73517
3.98834
4.19586
4.03381
4.18947
3.64184
3.82832
4.15513
3.77666
3.88229
4.19834
3.83407
4.22355
4.41229
4.68087
4.14758
3.86302
4.48714
4.02293
3.98292
4.23236
3.88113
4.27348
4.05433
4.29747
3.90206
4.32754
4.1855
4.06824
4.00226
4.43563
4.31712
4.44049
4.14598
4.57856
4.02466
4.35095
4.23739
3.70512
4.07544
4.06348
4.17519
4.10187
4.73989
4.18386
4.07141
4.13256
4.035
4.32035
3.95502
4.27873
4.26792
3.93463
4.14481
4.15269
4.04349
3.95787
4.43191
4.34877
4.14551
3.96577
3.85811
4.43341
3.99682
3.9119
4.50728
4.14979
4.14016
4.36008
3.90826
4.76257
4.11512
4.19932
3.72624
4.10651
4.3839
4.32936
3.85461
4.49463
4.28284
4.02173
4.13656
4.28577
4.20747
3.96389
4.26807
4.50312
3.53569
3.80766
4.09384
4.22584
4.32734
4.6568
3.89296
3.69175
4.10021
4.19796
4.10232
4.17757
3.9969
4.00349
3.74409
4.30932
3.9857
4.26976
3.95157
4.30465
3.78396
4.19962
4.23483
4.54607
3.9391
3.77415
4.23136
4.27592
3.83853
4.34394
3.87172
4.02413
4.1933
3.61352
4.11583
4.39474
4.10512
4.29439
4.21842
3.72536
3.55518
4.01359
4.16486
4.15962
4.10827
3.63764
3.92785
4.24163
4.21939
4.19125
3.98213
4.13505
3.58971
4.00162
3.76386
4.22025
4.12089
4.06358
4.31908
4.13311
3.85275
3.99785
4.49019
4.11683
4.46732
3.94795
4.31912
4.04873
4.21907
4.16666
3.81957
3.90385
4.0651
4.56614
3.96514
3.967
4.48274
4.09412
4.17814
3.85309
3.83812
4.01359
3.91272
3.96281
4.25877
4.17114
4.27386
4.28862
4.12912
3.81193
4.00457
4.23459
3.87854
4.2578
4.16838
4.19401
4.23448
4.04148
4.24125
4.25341
4.08161
4.30869
3.95596
4.09294
4.10117
4.19773
4.31897
4.28312
3.8549
4.21403
3.9263
4.39025
3.70956
4.0911
4.17276
3.87607
3.86477
4.04607
3.88371
3.77067
4.26009
3.78011
4.47261
4.0433
4.02846
4.02447
3.63557
4.07975
4.13765
3.99301
4.2242
3.96691
4.42582
4.08089
4.035
4.43543
3.77809
4.24567
3.86782
4.40531
4.3463
4.21722
4.16578
3.88104
3.68156
3.8684
3.8624
4.03068
3.79555
4.21572
4.33509
4.4564
3.54891
4.01997
3.90924
3.71737
4.56087
3.57821
4.46913
3.95504
3.8684
4.26507
3.97621
3.88341
4.35866
4.03039
4.34747
4.1051
3.78996
4.04998
4.06719
4.14893
4.04353
4.41163
4.18324
4.4258
4.13166
4.18734
4.00564
3.81112
4.20301
3.98232
3.82075
4.02784
4.39377
4.2794
3.96955
4.04709
4.22113
4.23092
4.19536
3.69649
3.83535
4.09852
4.29289
3.84923
3.90548
4.43505
4.09575
3.99576
4.22325
4.55077
3.85078
4.31857
3.97905
4.09274
3.87253
3.8317
4.48516
4.14465
4.09164
4.35159
4.06789
4.20414
4.40511
4.2127
3.94197
4.22858
4.17561
3.91368
4.38955
4.05786
4.27331
4.24876
3.96922
3.92525
4.24085
4.15829
4.08092
4.37841
3.84438
3.84465
4.1816
4.16547
4.30474
4.29664
4.31011
4.13909
3.72156
4.24471
3.94569
4.11021
4.20037
4.09585
3.8926
4.50193
4.00415
4.16813
3.90174
4.22509
3.90828
4.15869
4.10389
4.00149
3.90369
3.62555
3.85175
3.83869
4.03942
4.16915
3.59022
3.65962
4.38852
4.15762
4.10957
4.08071
3.70742
3.6798
3.61248
3.72114
3.57989
3.8993
4.23215
3.95413
3.79655
4.08484
4.25165
3.88238
3.90486
3.49513
4.03885
3.71918
3.96086
4.42154
3.94248
3.92782
4.09237
3.96429
3.96755
4.15278
3.86102
3.72693
4.27683
3.66933
4.06266
3.86392
4.11053
3.66535
4.17237
3.86933
3.83861
3.99378
4.13205
3.76471
3.59217
4.23525
4.27921
3.77924
4.39508
3.737
3.78273
4.04015
4.00897
4.03459
3.92669
3.843
3.93079
4.17037
4.13355
3.56722
3.91016
3.83452
3.8708
3.99244
4.13638
3.89587
4.08258
3.90306
3.74629
4.2387
3.87201
4.07604
3.75885
3.71301
3.79969
4.15269
3.9655
4.32622
4.3835
3.81857
3.81847
4.05534
4.16119
3.90043
3.64166
3.90716
4.08192
4.08495
3.96966
4.03858
3.69771
4.07651
4.21156
3.90426
3.97898
3.73037
3.73099
4.11573
4.16038
3.69771
4.0779
4.31714
3.70949
4.14953
4.07546
3.73287
4.21792
4.25633
4.8198
4.26414
3.98054
4.20913
4.36096
4.19437
4.18669
3.99206
4.18231
4.39113
4.24652
3.99814
4.1253
4.27873
4.17774
4.15353
4.35325
3.90885
4.34845
4.43475
4.47038
4.28435
4.07004
4.20262
3.96102
4.42163
4.14691
4.28773
4.34609
4.49936
4.38566
3.58125
4.29913
4.55834
4.36064
4.05672
4.37121
4.3916
4.01856
4.44001
4.35739
4.18476
4.18273
4.55053
4.38723
4.40673
4.1749
4.03019
4.23467
3.80243
4.2897
4.25471
4.27706
4.4526
4.16119
4.11033
4.2004
4.20235
4.20324
4.25078
3.91699
3.98446
3.67315
4.28975
4.11027
3.69633
4.20742
4.19926
4.00184
4.29112
3.94489
3.67761
4.13907
3.83843
4.376
4.13546
3.73188
4.02744
4.11524
3.93187
3.80541
3.90006
3.96936
3.86605
3.83877
3.88727
4.12611
4.39763
4.22433
4.23824
4.04527
4.14809
3.93732
3.86001
4.22311
4.04121
3.6963
3.92891
4.23497
3.98257
3.9661
3.97999
4.1625
4.31307
4.2455
4.16659
3.98429
4.34487
3.76764
4.02591
3.84895
4.22841
4.61597
3.90383
4.09388
4.18717
3.75849
4.12211
4.01791
3.76592
3.89387
3.70278
4.19821
3.88964
3.76054
3.83911
3.81085
4.06277
4.30577
4.06817
4.00891
4.01635
3.87248
4.16356
3.94943
3.99595
4.39087
4.25656
3.8462
3.87046
3.6128
4.0962
3.5282
4.56982
4.13113
3.69517
3.87653
4.00721
3.91166
4.21232
4.27261
4.0924
3.80079
4.45517
4.10494
3.4698
3.90764
4.11004
4.26226
4.18072
4.0033
4.34788
4.16075
3.66827
4.01307
4.27328
3.84755
3.9579
4.00924
3.92162
3.9449
4.23159
3.70796
4.36942
4.61074
3.96349
4.471
4.20984
3.81439
4.09558
4.65736
3.85993
4.60637
4.68579
4.42396
4.11486
4.32975
4.16632
4.25542
4.51972
4.23127
4.43205
4.66981
4.45649
4.23603
4.27609
3.99669
4.3118
4.27965
4.13117
4.52593
4.15985
4.5276
4.52214
4.41956
4.4199
4.47868
4.3288
4.82267
3.97293
4.24215
4.0192
4.09436
4.12836
4.03153
4.78924
4.63375
4.79436
4.44943
4.30486
3.86139
4.65143
4.45222
4.43455
4.18417
4.86916
4.0722
4.49233
4.33265
4.10389
4.24177
4.18357
4.10071
4.21942
4.23985
3.93845
4.24292
4.25315
3.99426
4.03055
4.00133
3.87775
4.28567
4.31203
4.15947
4.30913
4.00328
4.3313
4.03562
4.31539
4.30027
3.99802
3.98882
3.80678
4.14649
3.98869
4.06492
4.19077
4.20486
4.42027
4.61937
4.15532
4.37166
4.42197
4.12785
4.30178
3.94099
4.20793
3.76567
4.12822
4.07299
4.35271
4.17812
3.81663
4.29527
4.13041
3.78896
4.50141
4.32272
4.00956
4.15602
4.54394
4.4903
4.19493
4.10436
4.31305
3.94921
4.46547
4.10918
4.33285
4.54998
4.49762
4.21996
4.23971
3.98478
3.88276
4.49033
3.80846
4.17746
4.38633
4.6213
4.06935
4.39155
4.1882
4.11492
4.02207
3.97761
3.9108
4.16084
4.12433
3.96392
4.14763
4.15512
4.4035
4.15559
4.63736
4.13537
4.45861
4.09746
4.36128
4.24122
4.22292
4.1782
4.36195
4.34928
4.29762
4.24381
4.42638
3.84341
4.34408
4.38
3.92982
4.0209
3.75912
4.24554
4.22417
4.25404
3.94175
4.12682
4.66301
3.99375
4.44132
3.7613
4.29165
4.21322
3.92454
3.84309
4.24105
4.03554
3.9982
3.90869
3.84909
4.15203
4.03018
4.11346
4.16932
3.99399
4.21584
3.56121
4.2778
3.69625
3.86406
3.73096
3.81017
4.0325
4.38417
3.70406
4.20549
4.00652
4.14712
3.70068
4.29926
3.95749
4.10127
4.11244
4.064
3.71999
4.05217
4.18141
3.85983
4.11942
4.05046
4.16596
4.04623
4.22125
3.77243
3.83183
4.13746
4.4113
4.10846
4.01541
4.18045
4.26884
4.28405
3.82736
4.42353
4.11987
4.24551
4.48538
4.10768
3.87436
4.09376
4.30497
4.23262
4.33202
4.07437
3.83052
4.33472
4.283
4.08211
3.8915
4.15699
3.98212
3.85989
3.92518
4.07298
3.93712
3.96003
4.49257
4.18206
4.03006
3.84837
3.91859
4.44566
4.60247
4.33159
4.10605
3.79079
3.81653
4.22523
4.30179
3.90972
4.58833
4.16358
3.92281
4.04927
4.08381
4.29922
4.15539
4.07169
4.27255
4.08886
4.16186
3.94198
4.3695
4.48371
4.16575
4.16244
4.02997
4.21279
4.33129
4.13062
4.04405
4.29481
4.41147
4.15357
3.83127
3.90405
4.00867
4.45352
3.9604
4.03735
4.51086
4.04094
4.13488
4.12511
3.77044
3.732
3.91906
3.76261
4.38475
4.28435
4.0846
3.88599
3.87066
4.04724
3.9717
4.07563
3.87272
3.67144
4.55863
3.9595
4.13593
4.12505
3.97995
4.31213
3.9643
4.00554
4.36264
4.46033
3.98255
3.96186
4.2687
4.18557
3.55527
4.20214
3.66318
3.90342
4.09691
4.17076
4.21714
4.20744
3.94037
3.64228
4.23765
4.21479
3.96188
4.51302
4.23734
4.01001
4.39907
4.09178
3.90241
4.2965
4.73179
4.27935
3.99013
3.66906
4.1926
4.01137
3.63175
4.26248
4.05587
4.25692
4.18974
3.8016
4.25588
4.08338
3.84169
4.44177
3.38149
4.37924
4.01527
4.00716
4.0072
4.03569
4.13282
4.37241
4.23588
4.39669
4.2553
3.60637
4.10203
4.04869
4.21659
3.69528
4.14199
3.81312
3.983
4.60684
3.82245
4.58578
4.49439
4.16158
4.38161
4.03958
3.63743
4.05238
4.31254
4.20554
4.38984
3.8843
3.93754
4.26135
4.00137
4.19182
4.04949
4.07378
4.24863
3.56735
3.99658
4.08521
3.87412
4.08665
4.11427
4.61791
4.18081
4.32861
3.6671
4.01539
4.17455
4.37596
4.022
3.83887
4.10687
3.84955
4.41335
4.02794
4.28037
4.25278
3.94377
4.26666
4.00233
4.16602
3.92109
4.04097
4.33503
4.1008
3.95803
4.00139
3.88891
4.34768
4.28646
4.22123
3.80512
4.11428
4.12817
4.27924
4.09394
4.21592
4.267
4.00939
3.92518
4.3961
4.35165
4.08531
3.75394
4.24803
4.31722
3.95333
3.92844
4.39924
4.22658
4.52571
4.01012
4.05051
4.31097
4.23479
4.3159
4.55483
4.49836
3.73215
4.21038
4.30279
4.30636
4.02221
4.34569
3.83628
4.65831
4.12578
3.90453
4.31622
4.53203
4.2174
4.11148
4.18875
4.6557
4.40251
4.49601
4.18256
4.21862
4.1905
4.18612
3.98404
4.25515
3.84511
3.70943
4.05486
4.46286
3.93922
3.55632
4.02689
4.05433
4.00993
3.60663
3.90855
3.98268
4.11643
4.1279
3.79655
3.91527
4.07924
4.16047
3.70558
3.88759
3.9535
4.16002
3.84851
4.53087
3.80965
4.04744
4.31101
3.98794
4.24725
4.6022
4.25148
4.26726
4.10833
3.42013
4.05023
3.95024
4.46077
4.00434
3.82962
3.9138
4.0321
4.07279
3.97487
4.32894
4.11283
4.32515
4.36852
3.89396
4.17755
4.21085
4.05154
4.03897
4.11631
4.34752
4.20864
3.81753
3.48337
3.93974
4.31141
3.53625
4.17087
4.00854
4.25528
4.21813
4.22399
4.03658
4.15696
4.21902
4.12889
3.86468
4.13661
3.90478
4.46249
4.30764
4.08635
4.17261
4.16695
3.94054
4.3813
4.6138
3.59026
3.99843
4.07717
3.8867
3.91886
3.73394
3.69941
3.87456
4.22406
3.98731
4.14843
4.30847
4.37015
4.47242
4.2135
4.18523
4.52396
4.33526
4.16829
3.94233
3.89029
3.74933
4.10545
3.99394
4.28195
3.78343
4.09718
3.80464
4.20759
3.84053
4.7306
4.3762
4.52342
4.27127
3.9697
4.35552
4.34602
4.27857
3.51632
4.48991
4.00321
4.46763
4.25584
4.09319
3.8043
4.17826
3.89199
4.17357
3.95894
4.22477
4.06363
4.20057
4.17306
4.28472
4.60523
4.09104
4.57382
3.89771
4.02023
4.064
4.36897
4.27857
4.2097
4.13237
4.11813
4.6214
3.90289
3.90858
4.39676
4.00722
4.09607
4.25694
4.01069
4.16315
4.43106
4.45832
3.87572
4.36303
4.01764
4.13116
4.3521
4.17188
3.88212
4.62945
4.20615
4.03091
3.72167
4.3285
3.92811
4.02266
3.98441
4.05273
4.06588
4.26651
4.29215
4.0011
4.105
4.44977
3.72337
4.44599
3.89468
4.78757
4.22832
4.06378
4.38756
3.90143
3.93203
4.20184
3.73747
4.01279
4.21339
3.96341
4.33908
4.19137
3.88314
4.15818
4.07253
4.15722
4.23392
4.11947
4.00108
3.89347
4.0454
3.80842
3.90368
4.41974
4.1135
3.76766
3.91436
3.76508
4.15371
3.97113
4.17611
4.2291
3.67024
3.85517
4.02114
3.97336
4.41836
3.99024
4.30189
4.129
4.10977
4.22381
4.07471
4.08307
4.23768
4.31027
4.05876
4.33134
4.23296
4.21396
4.30629
4.17889
3.67123
3.7529
3.94101
4.12906
3.92568
3.97394
3.98904
4.3082
4.17253
4.20327
4.20553
3.9699
4.37444
4.25774
4.04314
4.07532
4.31948
4.53085
4.1151
3.84017
4.20579
3.9201
4.09925
4.48528
4.18907
4.12731
4.2743
3.93103
4.24294
4.12642
4.25822
4.40624
3.93782
4.08699
3.88908
4.28544
3.92153
4.04922
4.49436
4.3351
3.51214
4.11615
4.2213
4.22569
4.23559
3.88806
4.48715
3.64466
3.79841
4.60587
4.16354
4.05084
3.63957
4.55674
3.89571
3.80153
4.08805
3.89067
4.0813
4.06425
4.22869
4.4111
3.96997
4.28616
4.29875
4.35711
3.78794
4.10315
3.97879
4.53383
3.7371
4.05114
3.77731
4.07551
4.10505
4.20593
4.07956
4.06822
4.07184
3.93184
4.23201
4.26701
3.67103
3.97849
4.19367
4.18215
3.92635
4.07666
3.95755
4.05359
4.36129
3.8885
3.85106
4.02537
4.16131
3.93213
3.86114
4.03562
3.64901
4.42048
4.2837
4.10257
4.14496
3.69695
4.42164
3.98107
4.02821
3.77972
3.8919
3.95805
4.29842
3.58419
4.10995
4.24557
3.75838
3.65262
4.28386
4.75296
4.38587
4.4842
4.29539
4.05251
4.13503
4.25115
4.06316
4.33819
4.28109
4.33474
4.02117
4.20348
4.24142
4.66714
4.09209
4.1897
4.34867
4.39388
4.54488
4.12745
4.26409
4.02413
4.89421
4.18508
4.46467
3.77807
4.57896
4.76852
4.09085
4.41802
3.70232
3.85431
3.9833
4.27602
3.89297
4.11083
4.20411
4.06969
4.15806
3.98855
4.40161
4.30429
3.95173
4.06381
4.16497
4.24968
4.23485
3.62803
4.36549
4.30688
4.4113
4.33635
4.24271
4.13924
3.88934
4.07395
4.19615
3.81617
4.02883
3.69547
4.09629
3.65481
3.89138
3.76591
4.3764
4.15635
4.28866
4.32415
3.62257
4.3124
4.324
4.18922
3.78313
4.35469
4.21985
4.2181
4.31063
3.73175
3.95589
4.38219
3.83684
4.01972
3.71019
4.413
3.95757
4.14194
4.27554
4.08506
4.22237
3.61895
4.56316
3.79148
3.67456
3.49812
3.66156
3.77525
4.36245
4.03472
3.95883
3.94721
3.97411
3.80652
4.5287
4.45902
4.48013
4.4779
4.15596
4.04212
4.21561
3.69923
3.81612
4.26217
3.84645
4.07624
4.32403
3.96147
4.06567
4.07392
3.96386
3.48455
4.11973
4.20799
4.24507
3.86908
4.035
4.2743
4.18981
4.46502
4.0458
4.72341
4.36656
4.04871
4.26669
3.97047
4.1617
4.20539
4.57528
4.39637
4.49512
4.54486
4.09778
4.33749
4.39352
4.01463
4.52666
4.46253
4.3332
4.06002
3.94613
4.54539
3.8641
4.56551
3.93406
3.98077
3.80153
3.55907
3.741
4.05359
3.71677
4.09647
3.76506
4.02669
4.06317
4.26088
4.01356
4.40886
4.00632
3.92059
4.32519
4.2304
4.13787
4.32496
4.17328
3.94933
4.01941
3.98707
4.18805
4.11999
3.80647
4.11897
4.10426
4.18181
4.08252
4.15784
4.16594
4.02718
4.21866
3.84902
4.1993
3.82361
3.94748
4.15508
4.15113
3.97927
4.34315
3.75349
4.06682
3.73019
4.68664
4.37608
3.80541
4.15494
3.79464
3.99498
4.16062
3.88375
3.63857
4.46258
3.93087
4.23969
4.24387
3.81391
4.46593
4.24065
3.96992
4.23181
3.85021
4.29144
3.95345
4.0769
4.04377
4.11787
4.36594
4.16535
3.51776
3.82441
4.07799
3.9323
4.11117
3.60988
4.03456
3.95558
3.9557
3.61122
4.07638
4.22344
3.99324
3.93354
3.97923
3.40465
3.705
4.07326
3.63559
4.16123
3.91793
3.69355
3.86775
3.90145
3.79458
3.74017
4.15824
3.91654
3.68602
3.90275
3.69972
3.62731
3.82596
3.66765
3.80506
3.9113
3.71014
4.10779
3.93168
4.23776
3.9018
3.96395
3.93074
3.95509
3.79652
4.13424
3.64666
4.22573
3.88094
4.1844
4.10313
3.93904
3.75263
4.32947
3.57456
4.17394
4.34811
3.5262
4.01055
4.0806
4.02493
3.81969
3.8465
3.90268
3.83636
3.86283
3.90269
4.04079
3.95663
4.32198
4.15764
3.97762
4.115
3.93736
3.78243
4.14313
4.23319
4.2167
4.02455
4.14443
3.79377
4.14394
4.52803
4.32886
4.26213
4.43609
3.88615
4.29354
4.25813
3.9894
3.86849
3.95723
4.00826
4.02937
4.08942
4.11825
4.21741
4.01799
3.98133
4.22936
4.23149
4.13262
3.962
4.21852
4.15844
3.7546
4.06502
3.91033
4.02636
4.07806
4.25538
4.12051
3.78981
4.30731
3.94217
3.57794
4.50542
4.13971
4.00162
4.30785
4.09765
3.54432
4.29809
3.76591
3.92433
4.39
4.05438
4.05956
4.06687
4.08945
4.41247
4.04131
4.13808
3.94948
4.30653
3.9923
4.22746
3.85217
3.85918
3.87241
4.17134
3.5866
4.01367
4.07723
3.90625
4.06004
4.14415
3.91217
4.08707
3.91739
3.69001
4.21162
4.14355
3.98883
3.60638
3.82119
3.91456
4.08502
4.30742
3.99741
3.92855
4.09711
4.56818
4.26155
4.03076
4.298
3.89103
4.74389
4.05017
4.15754
3.98462
4.32722
4.29568
3.99727
4.25352
4.38774
4.24937
4.51027
4.24385
4.11851
4.05596
3.94925
3.76188
4.19571
4.30308
4.12223
4.5193
4.17199
3.93499
3.97207
4.0699
4.33562
3.90092
3.97234
3.87055
3.93731
3.86196
4.06232
3.8499
3.87142
4.37639
3.34849
4.43704
3.80266
4.32608
3.79135
3.86093
3.77675
3.99594
4.21743
3.77179
4.12974
4.23334
4.01203
4.00545
3.99376
3.91424
4.16619
4.13133
4.20874
4.29754
4.1991
3.87158
3.89946
4.42198
3.84512
4.08938
4.2847
3.93638
4.38038
4.20027
3.84341
4.36923
4.06905
3.92692
3.67232
3.74861
4.11634
4.0483
4.19155
3.78294
4.09315
3.91051
4.13622
4.53529
4.44067
4.55037
3.98101
3.80318
4.0915
4.69277
4.26282
4.2151
4.41029
4.24295
4.53486
4.37371
3.98678
4.58531
4.60469
3.98544
4.19662
4.23079
4.26393
4.19191
4.38965
3.87647
3.95269
4.28273
4.1141
4.07091
4.0775
4.35301
4.12827
3.85101
4.4579
3.93683
4.36928
3.85936
4.65393
4.34802
4.35637
4.43179
4.43087
4.38292
4.36477
4.23936
4.61931
4.41605
4.04
4.19787
3.97846
4.21433
4.43265
4.44738
3.60023
3.96725
3.77898
4.22901
4.24798
3.88755
3.97561
4.56338
4.03916
4.12195
4.11926
4.14867
4.08635
3.84848
4.00037
3.65503
4.19177
4.01214
4.05737
3.85181
3.85415
3.9942
4.17392
3.87758
3.83315
4.06863
3.56786
4.28736
4.03738
3.8726
4.29791
3.78292
4.06211
4.06605
3.98762
4.17896
4.37788
3.83876
3.8362
4.17708
4.09747
3.82599
4.22312
3.69553
4.33992
4.09542
4.38372
4.26808
3.81243
4.56819
3.8848
4.23475
4.0433
3.83695
3.86841
4.52164
4.23096
4.35198
3.95107
4.21313
3.78574
4.32775
3.78344
3.94115
4.34758
4.02848
4.26398
4.33405
3.97375
4.52713
4.21547
4.03442
4.03772
4.55108
4.25119
4.27225
4.23413
3.98602
4.06669
4.15608
4.193
3.96932
4.49295
4.17553
3.81421
4.14895
3.88071
3.49003
4.45063
4.28362
4.32808
4.00217
3.90977
3.91104
3.84146
3.82473
4.04807
4.2108
4.27139
4.45177
3.59889
3.88739
3.82986
4.14835
3.59254
4.1545
3.58815
4.12529
3.99504
3.52787
4.07409
4.59194
4.43287
4.18948
4.42646
3.92702
4.17304
4.02737
4.29033
4.27445
4.16956
4.40253
4.11896
4.39193
4.13469
4.4165
4.18914
4.06055
4.24814
3.92407
4.36394
3.9008
4.07424
4.48551
3.87806
4.13643
3.76835
3.87485
4.0169
4.05348
4.06361
3.90322
4.06279
3.91444
4.18571
4.13923
3.91581
4.08993
3.83477
4.47344
4.21393
4.09035
4.18503
4.09716
4.00769
4.10305
4.36247
3.83773
4.12218
4.26386
4.0021
4.28649
4.42401
3.79038
4.20168
4.30977
4.14853
4.61782
4.66756
4.35065
4.21441
4.50363
4.42007
4.24377
3.97821
4.51043
4.50275
4.31389
4.39599
4.18575
3.8772
4.35539
3.62334
4.06152
3.85845
3.93238
3.74862
4.28081
3.94326
4.00499
4.50135
4.10652
3.90164
3.90907
4.04114
4.71865
4.0241
4.255
4.36608
4.04549
3.63794
4.39949
3.97784
4.29045
4.28936
4.30309
4.27618
4.26452
4.11759
4.54884
4.34156
4.0412
4.15741
4.13247
4.18807
4.1
4.06302
3.94947
4.13005
4.32004
3.58453
4.1884
4.06066
4.36735
3.99963
3.90304
4.37144
4.38364
3.99993
4.15884
4.3273
4.01557
4.52212
4.32756
4.20605
3.92403
4.23345
4.47372
4.56427
4.40277
4.37264
4.22869
4.12971
4.57019
4.2439
4.15169
4.1101
3.76684
4.33298
4.19286
4.38378
3.97891
4.0956
3.95763
4.22243
4.06355
3.78317
4.31989
3.8594
3.88199
3.9971
4.02693
4.14281
3.84136
3.91479
3.74783
3.99439
3.45886
3.56028
4.02609
4.02057
3.67429
4.28106
4.02791
3.97122
3.76622
4.11097
3.9598
4.00294
4.14341
4.03724
3.87958
4.19572
3.99155
3.88898
3.83499
3.87953
3.88532
4.08808
3.76571
4.098
4.41569
4.4776
3.87394
3.75131
3.98158
4.11608
4.41113
3.92444
4.25833
