13.2939
13.4065
13.0415
13.088
13.4781
13.5952
12.6934
13.3483
13.1851
13.2262
12.9835
13.4015
12.912
12.7179
13.315
12.984
12.7096
12.7723
13.2563
13.135
12.7769
13.0184
12.755
13.2588
13.2111
12.7931
12.9846
13.2172
12.8489
12.9954
13.0791
13.0594
12.9771
13.2022
12.8818
13.5247
12.9735
13.4391
13.2087
13.1589
12.969
12.6015
12.711
13.1478
13.1866
13.0522
13.0466
13.1361
12.8429
13.14
12.6495
12.9533
12.7464
13.3945
13.0504
12.4966
13.0408
13.3596
12.9367
12.6289
12.905
12.6641
13.1242
12.8134
12.7886
13.1048
13.2013
13.3772
13.028
12.9459
12.9444
13.2254
12.8906
13.0885
13.0333
12.9587
13.3214
13.1322
13.1312
13.2393
13.0976
13.0095
12.8231
12.8993
13.2816
12.7398
13.2458
12.8941
12.9326
13.444
12.9272
13.1419
13.233
12.9996
12.7999
12.7692
13.274
12.8983
12.7475
13.7059
13.2563
13.0659
12.9764
13.2284
12.9879
13.0457
12.9986
13.316
12.8815
13.3423
12.7872
13.0467
13.2185
12.9129
12.9788
12.7489
13.2357
13.1513
13.3463
13.2086
12.9366
13.1157
13.2723
12.8088
13.0218
13.1057
13.4746
13.6855
12.8528
12.6784
12.9053
13.1107
12.9639
13.3775
12.6356
13.1912
13.2952
12.7105
13.0168
12.4831
12.7884
12.9475
12.7669
13.1221
13.2245
12.9031
13.007
13.5009
13.3394
13.1737
13.4034
13.1807
12.9902
13.0441
13.043
12.8813
13.3706
13.1635
12.6939
12.9142
12.8891
12.6794
13.4286
12.8051
12.9782
13.0224
12.934
13.1557
12.9404
12.6271
13.3643
12.9797
12.8373
13.0727
13.2514
13.1995
12.8761
12.5134
13.0948
12.7668
13.1903
13.5149
12.5892
12.8486
12.8209
12.7406
13.2375
13.3275
13.1792
13.184
13.2567
13.1169
12.7758
13.4831
13.0328
13.3633
13.0314
13.1891
13.0055
12.6275
13.083
12.8989
12.8875
13.0847
13.038
13.1247
13.0483
12.6045
12.6094
13.2294
13.5365
13.2408
13.3863
12.8941
13.1994
13.3773
12.8921
13.2122
13.0857
12.997
12.8958
12.7246
13.1956
12.7922
12.7945
13.1876
13.2323
12.8613
13.4491
13.1828
13.2842
12.869
12.9519
13.416
13.1132
13.1786
12.8357
12.9267
13.1879
12.8175
13.068
12.9024
13.3388
12.7969
13.3888
13.5315
13.4759
12.8514
13.3476
12.9211
12.9753
13.5054
13.3232
12.943
13.4666
12.9902
12.9587
13.0766
12.9648
12.9354
13.2606
13.0288
13.5911
12.8699
12.9998
13.1058
13.5515
12.6669
13.008
12.6556
13.1665
12.3676
13.2004
13.0166
13.143
12.9217
13.04
13.0343
13.113
13.1563
13.2291
13.5331
12.5152
13.1357
13.3642
13.0585
13.3865
13.1098
12.8836
13.1225
13.1734
13.0895
12.7915
12.976
12.5139
13.2083
13.1156
12.9833
13.4694
12.9835
13.1284
13.2087
13.5995
12.7363
12.8658
12.8569
12.8998
13.2285
12.9617
12.97
12.8197
12.9873
13.2239
12.7558
12.3849
13.1202
13.2396
12.9349
12.7391
13.0187
12.992
12.5777
13.4346
12.7108
13.366
13.14
13.6034
12.7944
12.7274
12.9917
13.1438
13.2955
12.7881
13.2841
12.8769
13.1454
12.817
12.9668
12.974
12.758
12.8997
13.263
12.895
13.174
12.8696
12.5948
13.1734
13.4786
12.9911
12.9405
12.4729
13.0644
13.0116
13.1415
13.0755
13.0043
12.452
13.3309
13.0918
12.9351
13.0758
12.887
12.959
13.1247
13.4288
13.0809
13.3348
13.2264
13.1203
13.1243
12.8193
13.1675
13.1114
12.9895
12.3739
12.7746
12.9111
13.0706
13.0808
12.8623
13.3185
12.9972
13.373
13.0429
12.8659
12.9691
13.099
13.3667
12.7932
12.5841
13.0491
12.9735
12.8829
12.8885
12.8766
12.8061
12.6486
12.9676
12.7694
12.4462
12.9604
13.0494
13.1155
12.447
12.7785
12.9969
12.6994
12.885
12.9499
12.3383
13.0921
12.9137
12.7956
12.9542
12.8163
13.032
12.6983
12.7448
12.8886
12.8188
13.1949
12.9528
12.8977
12.7205
12.9664
12.9948
13.1647
12.3952
13.016
12.6411
12.4454
13.1685
13.0592
12.9728
12.7876
13.0699
13.0273
12.9596
13.0029
13.2653
12.7516
12.705
12.8388
12.8394
12.6339
12.9794
12.9962
12.5867
12.8832
12.7537
12.7921
13.0879
13.3278
13.1178
13.1872
12.7109
12.9654
12.9847
12.7728
12.7757
12.5726
13.0893
12.438
13.2165
13.262
13.0804
12.8724
12.6473
12.5848
12.9348
13.144
13.1128
12.8988
12.539
12.9685
13.3241
12.8079
13.1229
12.6372
13.0165
12.6374
13.2005
13.255
12.5351
12.5397
13.3249
12.8911
13.0947
13.2337
12.8074
13.4845
12.5163
12.9316
12.765
13.0164
12.6953
13.4053
12.7827
13.139
13.171
12.9681
12.668
12.9702
13.1348
12.8248
12.8503
12.8988
12.9989
12.7103
12.9271
12.6908
12.7189
12.8437
13.2434
12.9008
13.0921
12.623
12.5865
12.9472
13.0551
12.9641
12.4623
13.2362
13.1305
13.2385
13.0697
13.1383
12.8085
12.8707
12.4751
12.9755
13.081
12.9352
12.74
13.1764
13.2382
12.9136
12.9756
12.8313
12.6543
13.0343
12.9392
13.491
12.5864
13.0896
12.828
13.0751
12.8573
12.8148
12.7459
12.4567
12.8584
12.8698
13.0722
13.0038
13.356
12.9127
13.0923
12.8097
12.6966
12.875
12.6281
13.1574
12.7189
12.6712
12.4745
13.132
12.9216
12.7856
13.1159
12.8614
12.7111
13.1699
12.9631
12.9055
12.8791
12.9409
12.5731
12.9511
13.2465
13.2802
13.1223
13.0408
12.9885
13.1569
12.8005
12.7554
13.1494
13.422
13.2046
12.8089
12.9841
13.0938
12.721
13.011
12.9696
12.7765
12.734
13.0174
12.8671
13.0121
12.7404
13.1437
13.0257
12.88
13.0966
12.6475
13.2267
13.3114
12.541
13.1233
12.7698
12.7337
12.8863
12.5872
12.6988
12.9059
12.5439
12.8594
13.019
13.3105
12.7126
13.1163
13.1633
13.277
12.8393
13.0845
12.8592
12.6854
13.1392
13.3978
12.9911
12.8998
12.9679
12.9916
13.0824
12.7753
13.2042
13.1224
13.4947
12.6766
13.229
12.8329
12.8664
12.629
13.1569
13.1023
12.9248
12.8148
13.0548
13.1622
13.4094
12.9462
13.1704
12.8524
13.1262
13.0328
13.0667
13.3772
13.1426
12.7846
13.2469
13.4064
12.9228
12.8117
12.8277
13.2277
12.8076
13.0075
12.9846
12.9983
12.8036
13.1958
12.7374
12.8465
13.5178
13.175
12.5181
12.4823
12.9534
12.8304
12.8962
12.9147
13.0842
12.9257
12.9738
12.8186
12.6308
12.8694
12.6787
13.0835
13.2876
12.9106
13.0663
13.0242
12.6443
12.7776
12.6758
13.1671
12.7083
12.9909
13.0851
12.8354
12.9355
12.6628
13.1323
12.3111
13.2931
13.1388
12.9601
13.111
13.1271
12.7502
12.4131
12.9624
13.1016
13.1162
12.7517
13.3985
12.8452
13.0105
13.2374
12.8382
12.8157
12.6765
13.0017
13.4315
13.3119
12.8618
12.7178
13.1855
12.8522
12.8924
13.3418
12.9636
13.2819
13.1171
13.0354
12.9602
12.7769
12.8408
12.4146
12.6949
12.6506
12.972
13.2393
12.7685
12.7335
12.9997
12.9731
12.7299
12.7482
12.5808
13.1205
13.0787
12.7756
13.1969
12.899
13.1373
13.3212
12.8846
13.0786
12.967
13.0873
13.2646
13.0179
13.5418
13.3785
13.0169
12.8249
13.5524
13.7469
13.4142
13.1469
13.0615
12.939
13.2253
12.7454
12.9238
12.655
12.6462
12.9832
12.7996
13.0604
13.1298
13.2431
12.7908
13.1477
12.8542
12.9691
12.9809
13.2237
12.8109
13.1889
13.2368
12.4937
13.0478
12.7924
13.2757
13.183
13.1557
13.1792
13.295
13.0815
12.7578
13.0727
12.9776
13.4648
13.3832
13.5322
12.7699
13.0629
13.3226
13.3672
13.1151
12.844
12.9519
12.7316
13.1643
12.9311
13.1544
13.3366
13.0567
13.2856
12.9337
13.0158
12.8545
13.2239
12.8622
12.8422
12.5968
13.0125
13.3874
13.2593
12.8705
12.8786
13.1858
12.7433
12.9944
13.2886
13.2772
13.156
13.1147
12.8144
12.8302
13.1782
13.229
12.8604
13.2178
13.1441
12.9212
13.3556
13.192
13.1022
12.9957
13.2794
13.1068
13.0057
12.8132
13.5618
13.1645
12.8621
13.3589
12.3925
13.0717
12.8187
13.0192
12.6822
12.7409
12.8042
12.7507
13.2508
12.8281
13.235
13.1543
13.077
13.1169
12.8809
12.8961
12.9704
12.9167
12.9819
12.9279
12.9892
12.9839
12.88
13.1567
12.7091
12.9549
12.8447
12.9104
13.0927
12.9622
12.6493
12.6303
13.4681
13.0298
13.3544
13.1757
12.8909
12.7492
12.6265
13.1625
13.2709
12.4735
13.0878
12.8744
13.0403
12.9402
12.8052
13.0665
12.6209
13.0311
12.9694
12.6548
12.7115
12.6889
12.9307
12.9466
13.3175
12.8504
12.8355
12.7888
13.4465
12.8148
12.9651
12.7927
13.0406
13.1917
12.7293
13.0034
12.7614
12.8291
12.697
13.0404
13.5082
12.8844
13.0997
13.0527
13.0412
13.1499
13.0829
12.9399
12.8134
12.9991
12.9375
12.9441
12.7487
13.0915
13.0098
12.8134
13.051
12.5485
13.1571
12.9951
12.8792
12.8855
12.7937
13.0297
12.8004
12.7473
12.9351
12.9813
12.9288
13.1219
12.4343
12.5706
12.7595
12.5078
13.1199
13.0949
12.6542
12.2775
12.9407
13.0539
12.6348
12.4161
12.7326
12.693
12.6139
12.8848
12.8905
13.1188
12.5735
13.1656
13.0949
13.157
12.8896
13.1433
13.1217
12.8406
12.8301
12.7212
12.7623
12.4123
13.1411
12.4103
13.1563
13.0388
12.9369
12.7797
13.3854
12.9452
13.0352
12.4796
12.7334
12.9324
12.7011
12.8175
12.8058
13.318
12.8858
12.9192
13.2205
12.9258
12.9651
12.9596
12.593
12.7411
12.7295
12.5362
12.7662
12.8903
12.8375
12.932
12.8049
13.3165
12.948
12.9313
12.9111
12.8869
12.7627
12.7756
12.8357
13.2188
12.7161
12.4472
13.0414
13.2896
13.2601
13.3273
12.9847
12.8062
13.0089
13.08
12.7275
12.9352
13.286
12.8775
12.7409
13.0842
12.7357
12.945
12.639
12.8327
13.0098
12.6571
12.7306
13.3555
12.8807
12.962
13.0769
12.8672
12.5897
12.0463
13.1144
13.0996
12.5326
12.7108
12.9658
12.8018
12.7365
13.2724
13.0819
12.8661
12.8416
13.1056
12.7284
13.0016
13.1269
13.3261
12.6967
12.8492
13.012
12.9335
12.8407
12.9221
12.9524
13.1742
13.1264
13.2691
13.0038
12.6072
13.063
13.1519
12.798
12.8867
12.8226
13.3849
13.3191
13.0013
13.3353
13.0824
13.0169
13.1387
12.9946
13.1635
12.8416
13.3877
13.3297
12.8621
13.0686
13.0477
13.1876
12.891
13.1241
12.9971
13.2075
13.2048
13.261
12.9032
12.6662
12.9542
13.0315
12.8881
12.9059
13.5521
13.2914
12.6256
13.259
12.9065
12.868
13.1718
13.0371
12.8407
12.9747
12.7887
12.7362
12.7091
12.9552
12.9394
12.9027
12.6969
13.0474
12.9289
13.017
12.6183
12.8005
13.0882
12.9995
12.7832
12.9099
12.7326
12.5375
12.4422
12.8922
12.7783
12.784
12.6529
13.3092
12.9406
12.9743
13.1006
13.2096
12.716
12.9228
13.2591
13.4692
13.1309
12.7857
13.014
13.0622
12.9472
12.7681
12.9404
13.1968
12.7036
12.8808
13.1091
13.0393
13.0851
12.7665
12.7109
12.9659
12.7178
12.647
12.8741
12.9229
12.8002
13.1169
13.1152
12.6082
13.3527
12.9243
13.147
13.1727
13.3251
12.6307
13.0694
13.1099
13.0413
13.1658
12.9973
12.8739
13.0169
12.8113
12.776
12.9477
12.8557
12.72
12.7402
12.5394
12.9418
12.4947
12.72
12.866
12.738
12.3444
12.5244
13.1779
12.9355
12.8594
12.6407
12.5182
12.7503
12.9889
12.3997
12.5432
12.633
12.9121
12.8463
12.913
12.5079
12.5553
12.4323
12.9039
12.9766
12.2622
12.877
12.5244
12.5125
12.8902
12.7672
12.667
12.1476
13.4136
13.049
12.9038
12.7714
12.9516
12.4272
12.6156
12.7514
13.069
12.6114
12.3126
12.4756
12.04
12.6133
12.7483
12.7792
12.8676
12.9857
12.5857
12.5435
12.4037
12.6502
12.4433
12.5156
12.6621
12.4496
12.7996
12.5023
12.6876
12.8405
12.3927
12.3289
12.5891
13.1983
12.4385
12.9672
12.3857
12.6166
12.308
12.3128
12.6542
13.0367
12.6825
12.9799
12.6351
12.8837
12.7132
12.7322
12.5797
12.641
12.8859
12.9748
12.9876
12.8638
12.9705
12.8085
12.5694
12.7208
13.1123
12.4363
12.7266
12.375
12.6531
12.6491
12.8868
13.1527
12.4862
12.487
12.4637
13.0816
12.8737
13.1505
12.6413
12.6678
13.0585
12.8849
12.1412
12.6508
12.9027
12.9083
12.3209
12.7733
12.6424
12.3197
12.7868
13.1439
12.8566
12.6072
12.4788
13.0765
12.584
12.7221
13.1238
12.8879
12.989
12.5529
12.9317
12.759
12.5866
12.6535
12.5438
13.1337
12.5662
12.8953
12.6719
12.3319
12.7231
12.6598
12.7505
13.0523
12.9257
13.3056
12.5828
12.7072
12.8535
12.7156
12.9096
12.7005
12.4699
12.5632
13.0254
12.522
12.8766
12.6257
12.5514
12.7508
12.6649
13.1772
13.0111
12.9228
12.7835
12.9075
12.9606
13.0313
12.8719
12.6173
13.315
13.0307
12.6336
13.0208
12.3304
12.8042
12.9241
13.1117
12.8057
12.6858
12.8872
13.2023
13.1183
12.9581
12.6091
12.7732
12.6748
13.0891
12.6185
12.9893
12.491
12.7761
13.1726
12.9948
13.0669
12.6905
12.7292
12.9845
12.7836
12.8808
13.0133
12.9509
12.4535
13.0948
12.8533
13.1704
12.7028
13.1691
12.9478
13.0175
12.848
13.1076
13.1059
12.3208
13.048
13.0028
13.1666
12.5954
12.8758
12.9884
13.2746
12.9013
13.0358
12.8756
12.4829
12.8977
12.6845
13.3011
12.4652
13.1873
12.8137
12.5502
12.7455
13.077
12.978
13.0466
13.1914
12.5978
12.6605
12.7823
12.7295
13.0067
12.9473
12.9779
12.9649
13.0923
13.2763
12.9499
12.8767
12.7629
12.936
13.0419
12.8933
13.0877
12.7618
13.2636
13.1427
12.9694
12.7387
12.9677
13.1814
13.0135
13.106
12.8317
12.766
13.0868
12.8926
12.6513
12.8074
13.0285
12.932
12.9563
13.2968
12.7181
12.6596
13.105
12.7068
13.0434
12.8636
12.9568
13.062
12.9608
12.7695
12.8306
13.0279
12.746
12.6765
12.8035
12.9026
12.8397
13.0689
12.773
12.7075
13.0244
12.6299
12.8428
12.628
12.7364
12.5254
13.2244
12.6174
13.1641
13.0544
12.7077
13.0596
13.0862
12.7148
12.8737
13.0422
12.851
12.9565
12.8902
13.4205
12.9493
12.8268
13.1833
13.4491
12.9031
12.7972
12.988
12.7892
12.6389
13.114
12.8154
13.3236
12.8119
13.4074
13.1703
13.0197
13.1119
12.8079
13.0853
12.8769
12.6493
12.6958
12.7943
12.6676
13.0933
13.0927
13.0543
13.1234
13.0668
13.1383
12.8692
12.9303
12.7407
13.0088
12.8518
13.2792
13.0357
13.009
13.3027
13.0139
13.4362
13.6335
13.0152
13.2363
13.3113
13.2357
13.1198
12.6746
13.0842
13.1329
13.2385
13.0071
12.7594
13.3714
13.0156
13.092
13.1068
13.2189
12.9417
13.151
12.8706
13.1364
13.0308
12.9572
13.0256
12.5935
13.3207
12.937
13.0576
12.6927
12.9489
13.4729
13.74
13.4549
12.9806
12.6069
13.0422
13.0453
12.8755
13.3021
12.8384
12.772
13.4066
13.2785
13.2499
13.1308
12.9421
12.6766
13.0484
13.4456
12.928
13.09
12.8746
12.9647
13.1794
13.1336
13.318
13.1235
13.3678
12.7555
12.5745
13.1819
12.9165
12.4368
12.8767
12.6284
12.952
12.9212
12.6683
12.8553
12.5567
12.4508
12.6192
12.6843
12.7698
13.0938
13.0011
12.6754
12.6822
12.6731
12.9217
12.6301
12.8953
12.771
12.9524
13.0492
12.594
12.6268
12.7286
12.8973
12.9129
12.6166
12.7533
12.5667
12.3784
12.6812
12.6848
12.7306
13.091
12.7212
13.1551
12.9282
12.6292
12.9077
13.1686
12.7214
12.3776
12.5032
12.5611
12.9181
12.7907
12.7966
13.1915
13.2093
12.9135
12.6594
12.7245
12.9839
12.9381
12.7591
12.8619
12.8426
12.8241
12.9064
13.2668
12.9
13.0588
13.0983
12.4552
12.9948
12.7616
12.8345
12.8803
12.7157
12.5744
12.9806
13.0242
12.909
13.1525
12.7682
12.7303
12.5026
12.6496
12.9243
12.6235
12.6107
13.0247
12.8135
12.8001
12.8427
12.6887
13.0193
13.0092
12.7315
12.8777
13.3164
12.4867
12.7806
12.7348
13.0363
13.0105
12.5516
12.8002
13.0184
13.0216
13.0467
13.2093
12.945
12.7205
12.9886
12.6796
12.818
13.2051
12.6686
12.8154
12.4989
13.1295
13.1148
12.8172
13.0097
12.8406
12.839
12.706
12.8456
12.8915
12.9816
12.4452
12.9891
13.1073
13.0901
12.9071
12.9926
13.1877
12.9871
12.6572
12.9817
12.7173
12.6006
12.6764
12.6658
12.8806
13.0221
13.1844
12.7311
12.9928
12.8361
13.1341
12.8506
12.6274
13.0227
12.7455
12.7011
13.1819
13.038
13.0276
12.8524
12.8851
12.8097
13.31
13.195
12.7661
12.8866
12.8562
13.006
12.5894
12.9414
12.7699
13.0002
12.6981
13.1311
12.9463
13.082
12.4827
13.0554
13.061
13.0272
12.9067
12.9821
12.8261
13.3112
12.6913
13.0409
13.0591
13.0278
12.7687
12.9939
12.7481
12.7189
12.7996
13.2863
12.7275
13.096
12.5187
12.9121
12.6266
12.8942
13.0384
13.0246
12.7991
13.379
12.9075
12.705
12.8218
13.0119
12.7421
12.5639
13.2141
12.9452
13.1145
12.7226
12.5866
13.1544
13.4847
13.0812
12.8647
12.7366
13.0413
13.1652
12.7133
13.0073
12.9661
12.7682
12.8809
13.3037
12.8601
13.0019
12.5764
13.082
12.608
12.8771
13.1356
13.1791
12.7683
12.6734
13.114
13.2858
12.5477
13.0967
13.1824
13.0348
13.4007
13.2709
12.5647
12.8383
13.1081
13.2262
12.67
12.9446
12.2946
12.9285
12.4526
13.1592
13.1819
12.8747
12.5811
12.6463
12.5658
12.6687
12.479
12.7422
12.5905
12.5008
12.9646
12.8387
13.017
12.6049
12.3766
12.7397
12.7738
12.9763
12.5518
12.6781
12.1324
12.9101
12.9372
12.8023
12.6195
12.7964
12.9086
12.9449
12.6157
13.0503
12.4005
12.5964
12.7057
13.0892
13.2043
12.8204
12.5283
12.7188
12.9995
12.7655
13.2037
12.8118
12.8421
12.6516
12.727
12.5247
12.5885
12.7152
12.4847
13.2291
12.9762
12.6592
13.1565
12.8922
12.9042
12.5855
12.6864
13.0001
13.2387
12.5347
12.979
13.1521
12.6718
12.7087
13.1223
12.9359
12.6675
12.4921
13.1109
12.9108
12.6926
12.3444
12.7509
13.2513
12.6369
13.1148
12.9173
12.9464
13.0003
12.823
12.8255
12.7906
12.6307
12.8611
12.9225
12.522
12.6782
13.0864
12.717
12.9988
12.4332
13.155
12.4664
12.8076
12.5318
12.7505
13.1196
12.5747
13.3063
12.844
12.9144
12.6377
13.4226
12.8567
12.53
13.18
12.9982
12.822
12.626
12.7359
13.1458
12.9019
12.613
12.9037
12.9952
12.6388
13.143
12.5892
13.0677
12.7512
12.7176
12.6565
13.0231
12.9548
13.0864
13.1864
13.0881
13.0922
12.8832
13.0339
12.6188
13.0716
12.7417
13.0885
12.56
12.6398
13.0915
13.3132
13.1289
12.9127
12.8813
13.106
12.8894
12.911
12.9196
13.0104
12.7279
12.5611
12.3949
12.8142
12.589
12.7665
12.5883
13.0377
12.6503
12.8808
12.4694
12.8606
12.5099
12.75
13.0948
12.523
12.6625
12.7157
12.9629
12.7498
12.4603
12.8684
12.588
12.7639
12.9899
12.7212
12.9853
12.5387
13.1991
12.6599
12.7444
12.7648
12.9379
12.7716
12.4956
13.1029
13.2672
12.3464
12.8039
13.0158
12.3188
12.4527
12.682
12.7223
12.8437
12.6611
12.9812
12.6631
12.9153
12.7092
13.0142
12.6596
12.722
12.9608
12.8977
12.6879
12.8628
13.0543
13.0049
12.8853
12.5325
12.9341
12.5737
12.6149
12.5881
12.7399
12.762
12.9384
13.3205
12.7298
12.9506
12.5642
12.9264
12.84
12.8038
12.8354
12.9029
12.8855
12.8053
12.8382
12.9376
12.7713
13.1419
12.9956
12.7918
12.9492
12.6325
12.9634
12.7982
12.9129
12.4713
12.8746
12.7
12.7877
12.5173
12.3938
13.0871
12.6216
12.5709
12.5542
13.0764
12.8996
12.6546
13.0324
12.8907
12.552
12.5811
13.0035
13.0072
12.6952
12.748
13.3832
12.6636
12.6025
12.9882
12.851
12.7188
12.6487
12.8358
13.1713
12.9582
13.2992
12.7319
12.9608
12.9046
12.8675
12.5506
12.8588
12.7571
13.0037
12.9112
13.1888
13.2008
12.9749
12.5435
12.8209
12.8653
12.627
12.5464
12.7975
12.8129
12.4463
12.9559
12.803
12.8382
12.9754
13.1321
13.0111
12.6126
12.9623
12.4942
12.9144
13.0352
12.75
12.7565
13.1739
12.7634
12.6636
12.3036
12.6351
12.7384
12.7544
12.7062
12.9518
12.7373
12.5526
12.8601
12.4251
12.9264
12.6297
12.7736
13.2751
12.4818
12.7094
12.3984
12.5918
12.5066
13.2873
13.1237
13.001
12.6312
13.1807
12.7745
13.1769
12.7707
13.1243
12.5283
12.4999
12.6924
13.3048
13.0121
12.7655
12.7997
13.4394
13.1005
12.7166
13.4274
12.8051
12.4797
12.9697
12.9897
12.7044
12.5841
12.8264
13.1256
13.115
13.0162
12.579
12.7605
12.4035
12.5853
13.0332
12.8816
12.7091
12.8926
12.4001
13.0666
12.5917
13.0963
12.6761
12.9216
12.8223
13.1559
12.823
12.7489
13.192
13.2274
12.7228
13.0972
13.0636
13.1733
12.781
11.942
12.8074
12.7515
12.8507
13.1997
12.49
12.8335
12.4398
12.8091
12.9309
12.2933
13.0326
13.0439
12.4852
13.2541
12.9511
12.8392
12.6415
13.0734
12.2853
12.8533
12.6624
12.967
13.0177
12.6814
12.7634
12.8479
12.8023
12.7477
13.0066
12.8473
12.9565
12.9055
12.7896
13.087
12.9415
12.795
12.8511
12.8598
12.8157
12.8957
13.0627
12.7879
12.9168
12.9918
12.9744
13.2264
12.9682
12.7855
12.8231
12.5888
13.2002
12.8832
12.9104
12.5808
13.0982
12.8862
13.0873
13.3387
12.886
12.7113
12.9928
12.4661
13.0158
12.9257
13.1283
12.9145
12.9875
12.7099
12.8484
12.8736
12.7054
12.3063
12.6887
12.7798
12.4132
12.5985
12.8732
12.7024
12.8944
12.9977
13.1099
12.5991
13.0199
13.0811
12.7012
12.8794
12.5473
12.7218
12.5084
13.0376
13.1226
12.8551
12.4152
13.0825
12.6658
12.7088
12.9029
13.0476
13.0338
12.6996
12.7183
12.4727
13.1304
12.6377
12.4545
12.4711
12.887
12.5884
12.8038
12.5987
12.6318
12.8114
12.6982
12.839
12.7224
12.9437
12.8399
13.0847
13.3375
12.9016
12.7485
12.4443
12.8772
12.7222
12.5536
12.9863
12.7482
12.6537
12.842
13.2189
12.7689
12.7765
12.8443
12.9397
12.6485
13.1903
12.9787
12.6659
12.4327
12.7449
12.8688
12.582
12.8738
12.8368
13.0758
12.9896
13.1019
12.5504
13.0005
12.9964
12.5622
13.0474
12.918
13.3115
12.4289
13.0547
13.2207
12.8822
12.7634
12.4784
12.8685
13.0867
12.8979
12.7908
13.4565
12.8463
12.8242
13.3072
12.9643
12.4819
12.4951
12.9577
12.6756
13.0135
13.0186
13.1208
12.9137
12.7857
12.8186
12.9731
13.1456
13.0698
12.6579
12.9739
12.8833
12.898
13.007
12.6544
13.2541
13.0167
12.8717
13.114
13.3218
13.0559
12.9904
12.5672
12.8495
12.6633
12.826
12.9876
13.1772
12.8301
12.8039
12.8357
13.1159
13.2689
13.0273
13.1496
12.861
12.801
12.708
12.8156
12.7731
12.5269
12.8768
12.9301
13.12
12.9901
12.8688
13.1884
13.2201
12.7671
12.6063
13.2033
13.0331
12.8613
13.0306
12.6624
12.8319
12.5208
13.3043
12.7233
13.4934
13.073
13.0348
12.9042
12.6586
13.016
12.8827
12.8883
12.8139
13.0433
12.7511
12.8241
12.4653
12.7601
12.8246
13.341
13.099
13.1341
12.925
12.761
12.8216
12.81
13.135
12.6429
12.9355
12.8669
12.9163
12.8624
12.8408
12.7224
12.6413
13.0363
13.2313
12.8912
12.6895
12.7842
12.5403
13.5051
12.9093
13.1542
12.8586
12.9123
12.9005
12.5062
12.8266
12.9169
13.139
12.888
12.8928
12.6756
12.8308
12.9926
13.13
12.8874
12.7324
12.8773
13.1233
12.9255
12.7204
12.5219
12.8833
12.9197
12.6563
13.1458
13.0286
12.9577
12.5407
13.1851
13.1492
12.8148
12.7275
13.2894
12.8326
13.1187
12.9034
13.3754
12.5539
12.7586
12.9854
12.9909
12.8319
13.056
12.8746
13.1708
13.0758
13.2382
12.8134
12.9616
12.9437
13.3101
12.6772
12.7447
12.9407
12.9319
13.191
12.9734
12.9472
12.9256
12.8819
12.4365
12.9202
12.799
12.8878
13.1946
13.2849
12.6169
13.1463
13.071
13.0789
12.9759
12.9867
13.0214
13.1821
12.8039
13.2609
12.8926
12.7966
12.4588
12.8936
12.7423
12.8208
12.6745
12.6052
12.365
12.7577
12.5334
12.5727
12.008
12.7416
12.7289
12.5207
12.6086
12.8585
12.5357
12.5513
12.4838
12.8372
12.9383
12.5811
12.5436
12.9946
12.8596
12.9104
13.0054
12.4255
12.698
12.593
12.5033
12.8287
12.4526
12.5934
12.5602
12.6301
12.5446
12.729
12.5432
12.5803
12.6029
12.5388
12.942
12.7012
12.7185
12.6945
12.9962
12.7128
12.3933
12.4653
12.8776
12.6829
12.936
12.6885
12.3271
12.8073
12.658
12.6298
12.703
12.6663
12.9385
12.9004
13.0849
13.2446
12.859
12.4786
13.0334
12.8027
12.6741
12.9027
12.4727
12.7727
12.5546
12.3173
12.8558
12.7782
12.4705
12.3429
12.6463
12.9557
12.3611
12.922
13.0512
12.7459
12.7252
12.5219
12.6859
12.6712
12.8242
12.7452
13.0711
12.5109
13.0429
12.9419
12.6823
12.4308
12.5408
12.6326
12.7277
12.7704
12.9806
13.2063
12.3508
12.4443
12.9346
12.5468
12.6879
12.8942
12.4939
12.6812
12.7636
12.6478
12.8637
12.8191
12.9506
13.0737
12.9696
12.8037
13.1101
12.56
12.6075
12.5778
12.6766
12.8297
12.7721
13.1535
12.6692
12.8129
12.9464
12.531
13.0442
13.0729
12.6655
12.8735
12.829
13.1044
12.644
13.2253
12.7551
12.4678
13.0063
12.7042
12.3485
12.4768
12.8694
12.8567
12.6697
12.7507
13.0098
12.5989
12.5037
12.7963
12.9666
12.9368
12.904
12.995
12.9125
12.6445
12.9677
12.7188
12.4325
12.8127
12.7581
12.7017
12.8774
12.6657
12.621
13.0541
12.6478
12.7551
12.6893
12.6661
12.9385
12.8004
12.6435
12.8807
12.5035
12.6429
13.0051
12.6767
12.6907
12.8711
12.6494
12.2975
12.9891
12.7332
12.8633
12.346
12.5813
12.6421
12.6396
12.9133
12.6994
12.8377
12.9983
12.8385
12.4516
12.6684
12.5299
12.8222
12.7587
13.0706
13.4437
12.9973
12.8951
13.2981
12.6395
12.9649
12.8372
12.8777
13.3231
12.9295
13.0184
12.6686
13.0375
12.6167
13.4358
13.0208
13.1519
13.4195
12.9331
12.802
12.7094
13.1813
13.1666
12.9996
12.78
13.0198
12.843
12.6955
12.9913
13.026
13.138
13.3863
13.3567
13.168
12.7552
12.7763
13.2448
12.8972
13.3781
12.5388
13.4097
13.1262
12.9763
12.9247
12.7873
13.1476
12.7823
13.1933
12.9934
12.7886
13.0416
12.7607
12.8558
13.1863
13.3889
13.3775
13.213
13.3946
12.9813
12.8964
12.9221
12.9586
13.3358
12.5441
13.1753
12.7337
12.7276
12.7535
12.6924
12.8682
12.4565
12.7643
12.9371
12.8481
12.8185
12.9452
13.0327
12.0358
12.8967
12.7417
12.9553
12.867
13.0888
12.8286
12.6455
12.9652
13.016
13.0998
12.8847
12.7518
13.0609
12.9322
12.809
12.8955
12.7134
12.9155
12.5819
13.1597
12.8524
12.8961
12.7234
12.7968
12.7874
12.6961
12.8282
12.9289
13.0642
13.2177
12.8992
12.9808
12.798
12.8312
12.7501
12.8028
12.7347
13.0701
12.6982
12.6308
13.0779
13.2041
12.8293
12.8953
12.9906
12.7115
12.6153
12.8258
12.669
12.9173
13.2303
12.6948
13.1359
13.0201
13.4573
13.0656
13.3188
12.9344
13.212
12.9778
13.223
12.8639
12.7639
13.2292
13.4579
13.2298
12.5671
13.4203
13.1176
13.2718
12.9364
13.3316
12.736
12.6058
12.5997
12.9353
13.0176
12.9397
13.3173
12.9233
13.438
13.0672
13.4309
13.163
13.3573
13.0173
12.9635
12.8999
13.0704
13.0335
12.8365
13.0322
12.8946
12.9951
13.0792
13.0037
13.1381
12.9595
13.2802
12.9552
13.3591
12.5673
13.3085
13.4373
12.9482
13.4651
12.9238
12.9773
12.9824
12.982
12.9018
13.049
12.9079
12.6882
12.8408
12.3517
13.0867
12.3915
12.3765
12.6602
12.4982
12.3958
12.5114
12.7036
12.3104
12.5265
12.4996
12.7679
12.7157
12.7078
12.5893
12.5814
12.6869
13.0155
12.3681
12.5368
12.6366
12.5609
12.7825
12.3467
13.2572
13.1367
12.4132
12.3345
12.7318
12.8806
12.9617
12.6984
12.65
12.9269
12.6684
12.2138
12.826
13.0298
12.8158
12.7078
12.9276
12.7433
12.3607
12.664
12.4902
12.1667
12.7545
12.6578
12.9351
12.9017
12.644
13.0222
12.854
12.945
12.683
12.5322
12.7577
12.7428
12.6065
12.4219
12.7845
12.9302
12.6687
12.822
12.7437
12.6535
12.3373
12.5182
12.8874
12.7177
12.8813
12.8833
13.0562
12.8676
13.0173
13.1127
12.7509
12.6939
12.7989
12.1777
12.5575
13.0294
12.7681
12.6811
12.785
13.3879
13.2037
12.9599
12.734
12.9228
12.7575
12.5756
12.5665
12.7963
13.0608
12.5688
13.0032
12.5665
12.7819
12.8335
13.0289
12.7786
12.8649
12.5886
12.6753
12.6941
12.4251
12.7461
12.3977
12.6922
12.7947
12.5691
12.6086
12.8534
12.7998
13.0006
12.8545
12.9429
12.6851
12.6044
13.2574
13.1177
12.5536
13.0597
13.093
12.669
12.8968
12.8957
12.9241
12.8415
13.1828
12.8694
12.9774
12.7673
13.1168
12.9298
12.9585
12.9928
13.5599
12.7873
12.9883
13.2022
13.2531
12.9733
12.8889
13.0099
13.1865
13.1957
12.7153
12.7243
13.1264
13.1188
12.6131
12.9377
12.9615
12.6854
12.9833
13.0136
12.9412
12.9477
13.0145
13.0336
12.9122
13.079
12.3829
13.054
12.86
13.5663
12.9678
12.8914
13.0119
12.9183
12.8034
13.0734
13.0554
13.4718
12.9668
12.9577
13.2715
13.0341
12.9887
12.3566
13.0112
12.975
12.8171
12.7836
12.8391
12.3466
12.9071
13.2073
13.2713
12.8118
12.7748
12.8541
12.8417
12.7859
13.2349
13.091
12.9732
12.5923
12.9963
12.7908
12.7459
12.5467
12.9813
13.3183
12.9975
13.152
13.0938
12.7973
12.8213
12.9122
12.9091
12.5603
12.4642
12.9602
12.875
13.1072
12.7402
13.0287
12.8512
12.6699
13.1069
13.1783
12.7545
12.984
13.0437
12.8493
12.7749
12.8574
13.0817
12.873
12.9406
13.13
13.4135
12.7867
12.8121
12.6636
12.8862
12.7389
12.8963
13.0129
12.7037
12.7245
12.7463
12.6918
13.0397
12.4477
13.1986
13.0339
12.6981
12.9745
12.6098
12.759
13.235
13.274
12.7193
12.6885
13.0555
12.9092
12.5346
12.9681
13.1018
12.9871
13.299
12.5737
12.7623
12.8579
12.8825
13.0469
12.8672
13.0177
12.9419
12.7097
13.2094
12.9327
13.1191
12.9589
13.049
12.9648
13.1558
12.6616
12.8295
12.8206
12.922
12.4209
12.8334
13.1768
12.8736
13.1646
12.8405
12.8039
13.2074
12.971
13.0889
13.1695
12.9095
12.7029
12.4361
12.2847
12.2625
12.4809
12.6193
12.3618
13.0134
12.8416
12.7436
12.7221
12.6098
12.4871
12.3534
12.5611
12.931
12.1463
12.2202
12.4243
12.5718
12.5162
12.5073
12.6471
12.7409
12.7828
12.6438
12.6528
12.3995
12.3084
12.7875
12.1243
12.4577
12.408
12.7449
12.5903
12.3562
12.7765
12.5247
12.4892
12.1786
12.3089
12.7561
13.0024
12.3412
12.4314
12.7141
12.5928
12.326
12.4403
12.4128
12.8225
12.5046
12.4273
12.7988
12.6517
12.8655
12.5988
12.9648
12.9518
12.7974
12.7842
13.2694
12.588
12.9511
13.0798
13.2872
13.111
13.1866
12.8663
12.8195
12.8692
13.0411
12.9121
13.0987
12.7147
13.0748
12.8495
12.9581
12.8963
13.1093
13.263
13.2273
12.7502
13.1922
12.4821
13.0586
12.7563
13.0471
12.7703
12.3192
13.2703
13.0095
13.2364
12.8968
12.733
13.037
13.0601
12.5939
13.104
12.6939
13.1729
12.5528
12.7326
13.4105
12.8085
13.0926
13.1067
12.9085
12.9627
12.9483
13.0488
12.8256
13.164
12.5086
12.5722
13.0742
12.9074
12.5913
12.898
13.1787
12.7687
13.0038
12.9874
12.6911
12.8808
13.2259
13.0581
12.4174
12.7704
13.2907
12.8709
12.9487
13.0162
12.5041
12.9186
13.2959
13.0115
13.003
12.5681
12.9422
13.067
12.7781
13.0401
12.4793
13.0626
12.8002
13.0791
13.4369
12.8502
13.0506
12.9374
13.2599
12.7015
12.9649
12.8999
12.9219
12.7779
12.7425
12.9484
12.9802
13.1172
13.1368
13.2454
13.091
13.3705
12.6994
12.7631
12.6545
12.7161
12.6087
13.1285
12.3609
12.802
12.6929
12.2322
12.6885
13.0611
12.6293
12.3129
13.0554
12.9251
12.7844
12.7214
12.8473
12.6016
12.9826
12.6968
12.6551
12.8787
12.9415
12.5851
13.0367
12.4419
12.4555
12.9515
12.6514
12.6913
12.8371
12.8026
12.881
12.856
12.478
13.1504
12.9556
12.6924
12.9782
12.4179
12.7886
12.98
12.9385
12.5166
12.3859
13.141
13.0991
12.9714
12.7748
13.2767
12.7256
13.0317
12.7565
12.4092
12.6886
12.9736
12.7289
12.3874
12.9967
12.872
12.9679
12.8871
13.4169
12.7316
13.1178
13.601
13.3007
12.8408
12.5643
13.116
12.9482
12.8977
12.6399
13.2173
12.86
13.2658
13.1424
12.5075
12.998
13.0115
13.0839
12.9465
13.0754
12.7113
12.8797
12.7909
12.8326
12.9857
13.2765
13.0196
13.0799
12.9956
12.8169
13.0832
12.842
13.1523
13.0019
13.1721
13.267
13.3574
13.0416
13.3247
12.6788
13.0104
12.9213
12.7762
12.9888
13.32
12.9899
12.3132
12.8373
13.2036
12.939
12.8103
12.7475
12.7399
12.5232
13.0294
13.0735
12.9239
12.5184
13.2139
13.1823
12.9853
12.7293
12.7815
13.1865
12.9608
12.6711
12.9248
12.9489
12.7424
13.033
12.7276
12.6285
12.812
12.9505
12.8671
13.0258
13.0895
13.1008
12.7326
12.8645
12.7955
12.6719
13.0326
12.812
12.7066
12.7605
12.8721
13.0001
12.8034
13.0359
13.293
12.8557
12.9133
13.0134
12.9841
12.8375
12.9512
12.9007
12.9357
12.7846
13.1831
12.5502
12.9624
12.9243
13.1178
13.0844
12.7447
12.7654
12.6814
12.5245
13.0705
12.8343
13.1088
12.9827
12.836
13.1898
13.1685
12.7724
13.0322
12.761
12.6777
12.4497
13.2054
12.623
13.0847
13.1957
12.925
13.0326
13.1173
12.7741
12.7074
12.8314
12.5816
12.9555
13.1569
12.5068
12.6358
12.7307
12.878
12.9062
13.0574
13.2694
12.7229
12.7176
13.1322
12.6552
13.2267
12.6756
12.9467
12.6457
12.3241
12.7189
13.2838
12.5882
12.5406
12.6513
12.816
12.7428
12.1981
12.9553
12.5625
12.9809
12.2438
12.6072
12.1717
12.926
12.6914
12.8147
12.7487
12.4749
12.801
12.4059
12.3255
12.447
12.3004
12.2763
12.7908
12.6399
12.4094
12.654
12.5568
12.5952
12.5293
12.8498
12.6156
12.317
12.4506
12.8334
13.0267
12.4235
12.465
12.793
12.4074
12.6953
12.6489
12.6321
12.7894
12.575
13.1419
12.9246
12.7601
13.1566
12.9189
13.0386
13.2011
13.2481
12.6292
12.7751
13.2552
12.5749
13.4663
12.95
13.0972
13.0922
12.9543
12.8748
13.4106
12.8939
12.9421
13.3466
12.9107
13.2194
13.3567
13.1065
13.1311
13.4361
13.3532
13.2505
13.5855
13.2856
13.0087
13.2686
13.1822
12.9824
13.4179
12.8889
12.8686
13.5025
12.7014
13.0155
13.0861
13.0504
13.4509
12.9923
12.9753
13.0292
13.2767
13.2418
13.1
13.1647
12.6816
12.6777
13.1063
13.3514
12.8921
12.6138
12.9586
12.5621
13.0243
13.0293
13.2128
13.2431
13.0796
13.3803
12.9992
12.7878
12.7954
12.9052
13.1974
13.3749
12.949
12.9082
12.996
13.0912
12.8906
12.9675
12.5141
13.0431
12.8966
12.841
12.7798
12.8779
12.8677
12.7593
13.083
13.2933
13.3882
12.7632
13.2279
13.2078
12.9393
12.7183
12.7232
13.1862
13.0823
12.8305
13.072
12.8534
12.5734
13.3464
13.1906
12.5798
12.6573
12.9577
12.7849
13.1246
12.4429
12.8963
12.9768
12.7514
12.8043
12.8565
12.5666
12.7642
13.1354
12.9342
12.9548
12.8729
12.9074
12.9039
12.8677
12.9643
12.9901
13.1855
12.9386
12.9379
12.5499
12.5361
13.0785
13.3517
13.0231
12.8549
12.7206
12.9615
12.8101
13.0574
12.7202
12.8204
12.5386
13.1256
12.9104
12.8551
12.7785
12.481
12.7535
12.6537
12.8302
12.7418
12.6138
12.4856
12.8578
12.7862
12.8056
12.4448
12.9792
13.01
12.938
12.549
12.5528
12.6929
12.6733
12.8099
12.8296
12.59
12.4918
13.3571
12.9652
13.4755
12.278
12.872
12.9188
13.1646
12.8391
12.546
12.9305
13.1214
12.4169
12.9944
12.9998
12.731
12.9079
12.9038
12.7508
13.3219
13.144
13.221
12.6617
12.7649
12.8954
12.9577
13.2558
13.3302
12.7641
12.7686
12.6913
13.0338
13.2033
13.0791
13.095
13.272
13.2914
12.7909
12.8642
12.6824
12.9878
13.199
13.0688
13.1537
12.9079
12.9979
13.3471
12.9432
13.099
13.3489
13.0578
13.0648
13.0325
12.9411
12.6549
12.6351
13.3353
13.0506
13.0791
13.1141
13.2407
13.049
13.5219
12.818
13.1465
13.3146
12.9974
13.1969
13.0045
12.9585
13.0613
13.3913
12.9068
12.6174
12.783
12.608
12.8769
12.4076
12.9641
13.0631
12.9607
12.6437
13.0311
12.6844
12.7717
12.5503
12.6662
13.0059
12.3488
12.6989
13.0777
12.8926
12.9219
13.1607
13.1419
12.5408
12.8427
12.7665
12.7929
13.1268
13.1298
12.3317
12.7799
13.0972
12.7881
12.7335
12.6592
12.8971
12.842
13.0906
13.0035
13.0699
12.5793
13.0629
13.0024
12.8523
12.6639
12.8644
12.7453
12.9075
12.6597
12.8062
13.2035
13.1553
12.8711
12.701
12.5538
12.6188
13.0892
12.801
12.4504
12.8101
12.7668
13.1618
13.1752
12.275
12.9236
12.6074
12.8671
12.9043
12.9923
12.6174
12.6891
12.6013
12.8267
12.8141
13.2535
12.8208
12.5387
12.7236
12.9666
12.6563
13.0149
12.8546
13.0235
12.7173
13.2333
12.8957
12.8854
12.6312
12.7789
13.2667
13.1458
12.9389
13.1522
13.5076
12.9783
12.981
12.8449
13.1037
12.512
12.7586
12.9268
12.8665
13.1538
13.3321
12.9309
13.1933
13.0046
13.1727
12.8944
13.219
12.9312
12.6821
12.6039
13.0292
13.024
13.4375
12.9466
13.1399
13.3004
13.2204
13.621
12.9571
13.3061
13.138
13.2104
12.7226
13.0719
12.8064
13.2008
13.1211
13.2996
12.641
13.0955
13.2742
13.3963
13.0308
13.2178
12.7668
13.4182
13.078
13.002
13.513
13.2264
13.0935
12.8687
13.5975
13.3809
13.151
13.2385
13.1049
13.3217
13.108
13.0731
12.8827
13.0588
12.9823
12.9952
13.3164
13.3022
13.514
13.3841
13.443
13.0779
13.5748
13.3439
12.8897
13.3265
12.5458
12.7977
13.0416
12.8648
12.6034
12.6107
12.988
12.9034
12.9029
12.7561
12.69
12.6024
13.0453
12.8308
12.9867
12.638
12.7872
12.3761
13.1764
13.2148
12.989
12.7362
13.2152
12.6767
12.6582
12.8717
12.3656
12.802
12.6294
12.6343
12.7171
12.625
12.6093
13.0209
13.0801
12.6432
12.7793
12.6918
12.9479
12.8987
12.8363
12.7616
12.848
12.9064
12.8424
12.5374
13.1888
12.8501
12.5725
12.1678
12.8353
12.717
12.6474
12.636
12.8662
12.5171
12.5398
12.694
12.8533
12.8831
12.6327
12.7617
12.6587
12.4531
12.7367
12.4466
13.0384
12.7835
12.6349
12.6946
12.7376
13.1922
13.0151
12.5661
12.719
12.8425
12.6492
12.499
12.5313
12.5687
12.8305
12.8435
12.4878
12.7166
13.03
12.6667
12.6911
13.4144
12.7245
13.0176
12.6553
13.3059
13.0508
13.1688
13.1693
13.0894
12.8385
12.8571
12.8919
12.8591
12.8402
12.9203
12.6353
12.6563
12.7326
12.9255
12.9425
13.131
13.0114
13.239
13.0474
12.9539
13.3894
13.1977
13.0241
13.1674
12.5632
12.974
12.234
13.0879
12.3774
12.6206
12.9379
12.8004
12.6214
12.4484
12.8745
12.5372
12.8608
12.2783
12.9151
12.8655
12.7874
12.987
12.7682
12.9532
12.8447
12.9705
13.2068
13.0267
12.9219
12.8778
12.8083
12.551
12.9818
12.7273
12.8311
12.8542
12.8314
12.775
13.0485
12.5981
12.8584
12.657
12.9137
13.2461
13.0809
13.0492
12.7825
12.8641
12.782
12.9584
13.0759
12.9113
13.0279
12.813
12.9014
12.9685
13.0585
12.8992
13.0143
12.9747
13.3531
13.0831
12.4427
13.0542
12.7323
12.8654
12.7622
13.0788
13.2141
13.0324
13.2319
13.015
13.2038
13.1552
12.8051
13.127
13.1781
12.8261
13.1335
12.9521
12.8217
12.8614
13.1486
12.6702
13.1582
13.233
12.6788
12.7117
12.4889
12.8659
12.6471
12.6379
12.7371
12.6164
12.6151
12.5468
13.2479
12.4313
12.7873
12.6694
12.5871
12.7413
12.911
13.1809
13.0176
12.6041
12.7228
12.9855
12.71
12.6844
12.5972
12.3607
12.8472
12.8222
13.1167
12.9696
13.1369
12.963
13.0733
13.0846
12.8679
12.8174
12.7321
12.4877
12.5734
13.1832
13.2086
12.913
12.8449
12.7076
12.9425
12.9224
12.6379
12.7796
12.8209
12.7489
13.0089
13.0532
13.1509
12.8288
13.3241
13.0271
13.1517
13.0499
13.0975
12.6198
12.657
12.7298
13.2534
12.9299
13.1661
12.8575
12.8305
12.7605
13.0539
12.7806
12.7698
12.8968
13.0362
13.1516
12.6077
13.1394
12.9051
13.2874
12.4817
12.3702
12.9598
13.1108
12.8973
12.6662
13.2432
13.0418
12.8201
12.9647
12.7568
13.0049
12.8865
13.0857
12.9241
12.8621
12.82
12.8965
13.2629
13.0986
13.128
13.0822
12.8363
13.1034
12.725
12.8595
13.1897
12.9481
12.8661
12.9943
12.9805
13.227
13.014
12.7656
12.8479
13.5737
13.0157
13.2591
13.0951
13.2487
12.9071
12.9931
13.4045
13.0818
12.9401
13.1817
13.15
13.058
12.9379
12.8
12.9911
13.0722
13.0685
12.9361
13.005
12.9129
12.9542
12.9521
12.8041
12.6807
13.0409
12.8756
12.7432
12.6408
13.261
12.5711
13.1294
12.7528
12.913
13.2872
12.6551
12.8037
12.9998
13.1855
13.0606
12.9596
12.7178
12.854
12.7229
12.799
12.6487
12.8223
12.7884
13.1332
12.9813
13.0001
13.0967
13.1176
12.882
12.7827
13.2754
12.8051
13.1147
12.7827
12.7944
12.9299
12.0291
12.9167
12.8291
13.1381
13.0301
12.7827
13.4117
12.8042
12.7582
12.758
13.003
12.6564
12.9775
12.7755
13.2857
12.4655
12.7762
12.716
12.8099
12.7129
12.7145
12.7917
12.9014
12.663
12.4866
12.5575
12.9595
12.5887
12.8037
12.9191
12.9019
12.9924
13.1789
12.8428
13.0326
13.2358
12.4894
12.5984
13.2443
12.7272
12.2999
12.8447
13.0693
12.7155
12.9403
12.9955
12.9682
12.8847
12.729
12.9127
12.7613
12.7919
12.9408
13.1214
12.823
13.2007
12.659
12.5368
12.9037
12.5398
13.2035
12.9379
12.9071
13.1072
12.7355
12.8491
13.1954
12.6082
12.6984
12.8399
12.9065
13.3418
12.7245
13.0858
13.1868
13.1289
12.9779
12.8398
12.9087
12.7445
12.8919
12.5958
13.0306
12.8947
12.9218
12.8413
12.9391
12.9104
13.2048
13.0419
13.1705
13.0332
13.1402
12.6366
13.0773
13.0673
12.6551
12.7826
12.7661
13.1373
12.6872
13.1699
13.4721
12.9326
12.4383
12.9238
13.1311
12.5442
12.9762
13.0763
12.713
12.5459
13.3971
12.8443
12.6703
12.9717
12.8974
13.118
13.1512
12.7939
13.0418
12.5795
12.9513
12.6619
13.1112
12.6411
12.8112
13.0947
12.9978
12.538
12.7948
13.2612
13.021
12.9551
12.4696
12.8136
12.6617
12.6966
13.1785
12.9463
13.1513
12.8326
12.9403
13.0322
12.8869
13.2149
12.8122
12.9619
12.5507
12.7854
13.0503
12.5684
13.046
12.6378
12.6775
12.6664
12.5979
12.6193
12.9745
12.6089
12.5623
12.5688
12.9769
13.3902
12.3901
12.8024
12.4704
12.6373
12.6685
12.7967
12.9003
12.4125
12.9443
13.0219
12.9731
12.7245
13.0941
12.9113
12.9174
12.8431
13.3518
12.6951
12.9411
12.3252
12.9102
13.2993
13.4247
12.7264
13.1191
13.1133
13.0041
13.1131
12.8733
13.1612
12.9223
12.8551
12.7391
12.6525
12.7434
12.9062
12.9541
12.872
12.9074
12.5171
13.1073
13.1257
13.0792
13.2898
12.7442
13.1088
12.7799
12.8763
12.8419
13.038
12.679
12.98
12.8736
13.2088
12.9615
13.1948
12.832
12.7585
12.3774
12.6706
12.7471
12.8119
12.9279
12.8777
13.1128
12.4933
12.8936
12.9351
13.1178
12.7706
13.3905
12.8109
12.7957
12.7726
12.7833
13.1402
12.8311
12.714
12.9129
13.019
12.7729
13.1639
12.8757
13.0972
13.605
13.2266
13.318
13.0477
13.0745
13.0564
12.9852
12.8758
12.9898
12.6486
12.5671
12.7598
12.8859
12.4173
13.1685
12.92
12.8612
12.9981
13.0167
12.9501
13.2687
13.0833
12.6545
13.0635
12.9768
12.9425
12.9318
12.7888
12.8435
12.8766
13.0003
12.8837
12.4153
12.8755
12.7326
12.6123
12.8276
13.1981
13.2997
12.7519
13.1091
13.1525
12.9544
12.7572
12.8795
13.1277
12.6388
12.9938
12.747
12.9064
12.8962
12.9147
13.0686
12.7975
12.9487
13.0689
12.8113
12.7251
12.8522
12.4818
12.8606
13.0515
12.5134
12.6751
12.5505
12.8377
12.9348
12.2615
12.6959
12.6696
13.0879
12.7257
13.1546
13.1081
12.9719
13.3437
12.9712
12.8708
12.6245
12.9553
12.7149
12.7612
13.1175
12.7277
12.3624
12.9026
12.6519
12.9162
12.4409
13.2301
12.4756
12.6447
12.7803
12.4964
12.9301
12.8384
13.053
12.85
13.0368
12.835
12.6009
12.9677
13.2781
12.896
12.7702
13.1907
13.093
12.9305
12.6886
13.1169
12.6725
12.4948
12.9266
12.9915
12.733
12.7161
13.3287
12.5827
12.712
12.7659
12.7348
12.5907
12.6008
13.1433
13.1862
12.7882
12.9659
13.4945
12.7529
12.7982
12.9421
12.7526
12.8246
12.6004
12.6071
13.0296
12.4875
12.6069
12.5885
12.5665
12.7643
12.5137
13.2022
12.53
12.7478
13.0464
12.9933
12.9643
13.0002
13.1652
12.964
12.8726
13.118
12.6277
12.6416
13.4758
12.9398
13.1726
12.6472
13.1548
12.9598
13.0745
13.2245
12.9193
13.2914
12.9434
12.7937
13.1836
12.7829
13.0408
12.9955
13.1573
12.8829
12.7389
12.9126
12.9911
12.6838
12.7889
12.777
13.0968
12.9954
12.9375
13.2861
13.0103
12.4761
12.8764
13.124
12.9577
12.8034
12.7425
12.5908
13.1297
12.5916
12.7486
13.0257
12.8465
12.543
13.1458
13.0323
12.726
