18.3935
18.3099
18.402
18.665
18.1452
18.2862
17.8365
18.7813
18.4034
18.8661
18.2812
18.5586
18.5895
17.9901
18.155
18.7053
18.2217
18.5421
18.3145
18.4365
18.2225
18.2915
18.596
18.4305
18.5059
18.5557
18.3228
18.8162
18.1995
18.5403
18.3339
18.2798
18.4905
18.2976
18.4157
18.6486
18.2484
18.5596
18.6005
18.5632
18.1319
18.1687
18.2764
18.4071
18.4022
18.2589
18.1169
18.5974
18.4069
18.3369
18.3446
18.2259
18.0635
18.2701
18.0487
18.1845
18.3146
18.3396
18.5948
18.504
18.153
18.7349
18.3186
18.7038
18.5253
18.7438
18.7363
18.4277
18.6031
18.8843
18.1826
18.3221
18.6779
18.4548
18.1155
18.3666
18.5419
18.119
18.5165
18.4644
18.5004
18.5597
18.0573
18.192
18.4885
18.1769
18.3212
18.5383
18.2823
18.7398
19.1074
18.4618
18.2213
18.6796
18.3002
18.0734
18.5785
18.5003
18.571
17.9945
18.2692
18.639
18.5747
18.7355
18.4046
18.4134
18.5895
18.4188
18.6772
18.6554
18.3491
18.649
17.9455
18.3675
18.4307
17.85
18.3278
18.3255
18.3623
18.1554
18.738
18.1594
18.2602
18.2922
18.5129
18.6924
18.6594
18.7322
18.5194
18.3703
18.2198
18.2815
18.3897
18.4335
18.6476
18.5579
18.2748
17.9945
18.329
18.4672
18.1056
18.5033
18.6001
18.3205
18.418
18.4172
18.2816
18.3311
18.2838
18.5051
18.2139
18.2153
18.4538
18.4792
18.1055
18.0908
18.2252
18.1993
18.1612
18.5461
18.2939
18.4243
18.3315
18.2727
18.22
18.4084
18.6828
18.4301
18.2484
18.2189
18.4947
18.7726
18.2643
18.4622
18.5125
18.0259
18.1807
18.6328
18.6329
18.3633
18.423
18.214
18.5855
17.927
18.5981
18.4573
18.1007
18.5613
18.3979
18.3135
18.3571
18.4103
18.5997
17.9957
18.2734
18.3974
18.7473
18.3012
18.7202
18.2868
18.2196
18.5123
18.6284
18.4236
18.1218
18.3975
18.3574
18.0266
18.2517
18.5231
18.1192
18.6035
18.3547
18.0986
17.8043
18.3792
18.4888
18.5589
18.3068
18.2938
18.2045
18.1922
18.3734
18.6249
18.3119
17.8816
18.2995
18.1544
18.4521
18.2247
18.1932
18.0583
18.3069
17.9174
18.02
18.2283
18.2875
18.4872
18.5317
18.5221
18.0837
18.3796
18.3852
17.9958
18.0749
17.9766
18.3132
18.2293
18.22
18.1556
18.109
18.3396
18.1722
18.3861
18.0617
18.1125
18.2307
18.4866
18.5612
18.419
17.9792
18.0771
18.286
17.863
18.4074
18.3432
18.453
18.6033
18.3288
18.415
18.0774
18.1059
18.0263
18.3593
18.2858
18.1687
18.4879
18.1831
18.1805
18.1178
18.0885
18.5309
18.7018
17.9694
18.615
18.3286
18.1659
18.4993
18.3694
18.301
18.0047
17.6811
18.4159
18.3677
18.0817
18.4211
18.1841
18.7299
18.424
18.3066
18.678
18.3194
18.2456
18.4567
18.0947
18.2819
18.138
18.0731
18.4259
17.7338
18.0247
18.4647
18.3558
18.0432
18.0065
18.1689
18.5032
18.3964
18.3936
18.175
18.5079
18.4388
18.1349
18.2364
18.6264
18.1601
18.2895
18.2027
17.8556
18.6436
18.5856
18.2583
18.2088
18.1826
18.3936
18.3826
18.1899
18.3954
18.6476
17.9497
18.6962
18.0334
18.4987
18.0398
18.2774
17.9741
18.0903
18.3798
18.0103
18.5459
18.0587
18.1328
17.9173
18.3068
18.205
17.9188
18.4965
18.0708
17.9895
18.3806
18.1469
18.1721
18.0871
18.4345
18.1597
18.0021
18.2172
18.5336
18.2462
18.1282
18.2843
18.0294
18.1208
18.5618
18.0975
18.0257
18.2702
18.3815
18.2051
18.4525
18.0389
18.2337
18.4661
17.9396
18.2525
18.2237
17.9587
18.086
18.2527
18.2566
18.616
18.2224
18.0213
18.2824
18.3326
18.3649
18.1757
18.9867
18.0157
18.5008
18.3546
18.2425
18.189
18.6961
18.1926
18.3453
18.4957
17.8682
18.9828
18.4599
18.5169
18.0377
18.3484
18.363
18.31
18.5802
18.514
18.7742
18.4528
18.3533
18.1938
18.2994
18.4419
18.1964
18.2543
18.2573
18.4847
18.6262
18.4636
18.627
18.6765
18.2381
18.4039
17.935
18.1448
18.2901
18.8474
18.4572
17.9727
18.1851
18.229
17.9925
18.0223
18.3185
18.5042
18.6209
18.0947
18.4097
18.34
18.4531
18.1564
18.6932
18.1525
18.4568
18.5531
18.8649
18.2234
18.2451
18.6711
18.5238
18.1506
18.659
18.0489
18.0252
18.3505
18.0251
18.4239
18.4653
17.868
18.4403
18.7298
18.3712
18.42
18.1354
18.591
18.0438
18.6406
18.5394
18.7083
18.2244
18.57
18.3735
18.2829
18.4515
18.497
18.1627
18.3775
18.6386
18.4609
18.502
18.2924
18.3136
18.4418
18.1722
18.1117
18.4016
18.612
17.9925
17.5848
18.1213
18.3419
18.4674
18.3991
18.2863
18.2721
18.1103
18.368
18.5775
18.453
18.7099
18.2936
18.2032
18.3387
18.147
18.2801
18.5283
18.2071
18.3073
18.5858
18.7152
18.2186
18.1831
18.5907
18.0908
18.5729
18.081
18.2017
18.7126
18.609
18.4591
18.4561
19.0244
18.4926
18.1187
17.9524
18.2257
18.9204
17.9935
18.0939
18.0933
18.2134
18.6636
18.5636
18.5953
18.4239
18.419
18.4931
18.5054
18.9849
18.3588
18.5074
18.3726
18.792
18.7776
17.9751
18.2685
18.8918
18.2658
18.5588
18.0973
18.1021
18.1897
18.3827
18.4578
18.4679
18.2991
18.6839
18.8333
18.3393
18.3503
18.3672
18.6298
18.168
18.8629
18.4828
18.2275
18.3692
18.4308
18.4381
18.3205
18.4683
18.651
18.8473
18.5274
18.9367
18.3878
18.5637
18.1002
18.5324
18.3087
18.6383
18.2316
18.0321
18.2806
18.2239
18.2636
18.3212
18.4254
18.378
18.3931
18.4724
18.4485
18.5323
18.4265
18.0588
18.3472
18.3623
18.7747
17.8685
18.5942
18.2536
18.5162
18.3477
18.6126
18.5352
18.1867
18.2801
17.9306
17.8374
18.271
18.5581
18.0994
18.3934
18.279
18.6115
17.7604
18.441
18.0757
18.0763
18.1845
18.0048
18.3068
18.1559
18.1771
18.7187
18.5077
18.4367
18.0212
18.3666
18.3828
18.0528
18.6744
18.5278
18.2467
18.4008
18.874
18.5473
18.3826
18.2323
19.077
17.9826
18.4269
18.2774
18.6462
18.5845
18.1625
18.5888
18.6727
18.415
18.2214
18.8019
18.623
18.3167
18.5997
18.4695
18.747
18.5771
18.9281
18.231
17.9067
18.4431
18.8065
18.3527
18.1418
18.5853
17.8996
18.7205
18.163
18.1006
18.1046
18.3031
18.2569
18.2205
18.4444
18.2147
18.2643
18.2293
18.5783
18.4718
18.2706
18.301
18.1285
18.611
18.4859
18.0364
17.9483
18.6198
18.0671
17.9772
17.6855
18.2656
18.1632
18.223
18.613
18.1498
18.5613
18.3095
18.3307
18.4592
18.2284
17.7337
18.2849
18.0827
18.2589
18.2249
18.2193
18.2912
17.6699
17.9124
18.204
17.791
17.8482
18.3024
18.3672
18.0043
17.9315
18.4434
18.2005
18.1431
18.2578
18.4816
18.2927
18.3367
18.956
18.3854
17.6471
18.5459
18.4645
18.5111
18.174
18.5044
18.6372
18.0151
18.4991
18.0266
18.4922
18.4841
18.2439
18.1687
18.4944
18.26
18.2387
18.0441
18.042
18.3378
18.5873
18.0789
18.0583
18.5517
18.3514
18.0207
18.3614
18.0244
18.2566
18.5192
18.71
18.4619
18.7292
18.6304
18.7452
18.3229
18.4943
18.7158
18.2791
18.3457
18.263
18.1557
18.3079
18.4955
18.5078
18.2154
18.2989
18.4283
18.407
18.4974
18.2917
18.2107
18.5285
18.5353
18.676
18.149
17.9996
18.4111
18.1215
18.2917
18.3643
18.5364
18.8005
18.5032
18.4274
18.4928
18.3397
18.3895
18.0749
18.2642
18.1322
18.0062
18.6101
18.5107
18.1976
18.5357
17.8429
18.4639
18.1883
18.5204
18.3205
18.6066
18.316
18.3878
18.3155
18.274
18.4159
18.551
18.6198
18.4076
18.4552
18.5297
18.4111
18.4772
18.6627
18.0015
18.7801
18.8972
18.3688
18.5409
18.3675
18.7554
18.3941
18.2663
18.4857
18.0226
18.5557
18.3573
18.7704
18.4419
18.3792
18.9732
18.3958
18.2955
18.4699
18.4243
18.1489
18.286
18.5146
18.5837
18.4649
18.3867
18.2617
18.0813
18.2447
17.9006
18.4395
18.3827
17.8075
17.6819
18.3577
18.6999
18.2419
18.4816
18.5105
18.2547
18.4737
18.0278
18.321
18.3713
18.2327
18.3371
18.0266
17.9943
18.5708
18.4581
18.3995
18.366
18.3522
18.5226
18.4705
18.5355
18.1957
18.5557
18.3266
18.0983
18.3126
18.34
18.1675
17.9668
18.0744
18.0505
18.1765
18.1954
17.9525
18.3101
18.4473
18.4837
18.1731
18.196
18.3043
17.8478
17.7874
18.4561
18.6736
18.4125
18.7628
18.3532
18.1719
18.7239
18.8909
18.3533
18.5161
18.148
18.5489
18.4643
18.0959
18.6666
17.9781
18.5176
18.6386
18.2657
18.3523
18.5312
18.4205
17.983
18.2046
18.4386
18.1615
18.2502
17.9252
18.3292
18.3931
18.2829
18.2595
18.3783
18.3428
18.2409
18.5216
18.1393
18.7617
18.2332
18.0488
18.3761
18.4415
18.4462
18.4702
18.4239
18.5184
18.2227
18.3915
18.2514
18.8335
18.2838
18.5525
18.4759
18.3697
18.6587
18.857
18.4516
18.453
18.7462
18.157
18.5927
17.9346
18.7231
18.4847
18.4758
18.4842
18.5112
18.6579
18.3682
18.287
18.0952
18.525
18.871
18.6559
18.3236
18.8623
18.5252
18.671
18.7783
18.3701
18.45
18.4504
18.3635
18.2242
18.1793
18.4324
18.4672
18.3489
18.5889
18.7532
18.7841
18.4559
18.1957
18.6587
18.5823
18.7989
18.6
18.2369
18.6173
18.4264
18.957
18.2642
18.504
18.439
18.3594
18.6081
18.605
18.1636
18.4605
17.9529
18.4287
18.6454
18.2814
18.3105
18.4566
18.2921
18.4435
18.5326
18.4778
18.2317
18.4603
18.7076
18.4234
18.3708
18.4072
18.6321
18.8409
18.3685
18.3126
17.605
18.4021
18.0309
18.428
18.211
18.3731
18.3258
18.2689
18.5945
18.3396
18.2537
17.8533
18.3603
18.1648
18.4992
18.163
18.3627
18.3732
18.1099
18.1291
18.332
18.2122
18.0193
18.0644
18.334
18.5643
18.132
18.0102
18.5762
17.8379
18.1187
18.3745
18.0992
18.7756
18.4442
18.2804
18.2096
18.3516
18.308
17.8194
18.508
18.0413
18.2777
18.3583
18.4199
17.9594
18.1345
18.3611
18.2802
18.2134
17.9949
18.2082
18.5662
18.5764
18.2966
18.4624
18.3851
18.2672
18.4945
18.3729
18.2042
18.4877
18.4246
17.9392
18.2268
18.0439
18.5296
18.2081
18.5729
18.6525
17.9808
18.4865
18.3716
18.2271
18.1908
18.4871
18.381
18.5852
18.5932
18.538
18.4085
17.9633
18.0213
17.9519
18.3194
18.3689
18.6439
18.1499
18.2733
18.4255
18.4252
18.3258
18.4889
18.5341
18.5034
18.6697
18.214
18.8305
18.4952
18.1419
18.2818
18.41
18.3622
18.3314
18.7151
18.4441
18.3673
18.2011
18.7443
18.8241
18.3683
18.9388
18.7811
17.9833
18.1937
18.5244
18.2083
18.7205
18.2247
18.485
19.0135
18.3424
18.2411
18.4376
18.4736
18.6303
18.3323
18.38
17.8405
18.3518
18.2462
18.3648
17.8914
18.4316
18.2652
18.2732
18.4792
18.5258
18.3653
18.2794
18.5883
18.7247
18.4753
18.3797
18.5398
18.208
18.3602
18.649
18.6601
18.7381
18.2326
18.4771
18.7377
18.496
18.5642
18.5437
18.5648
18.0283
18.1787
18.5686
18.6314
18.2848
18.4907
18.657
18.4424
18.2732
18.2051
18.9463
18.8082
18.5623
18.4814
18.5894
18.4277
17.7779
18.2812
18.2508
18.2486
18.356
17.927
18.5426
18.2002
18.2765
18.1025
18.1896
18.1744
17.7984
18.5362
18.3005
18.2396
18.3113
18.062
18.3674
18.4659
18.3537
18.2841
18.1039
17.9966
18.0308
18.1843
18.5245
17.9619
18.1825
18.4053
17.9302
17.7659
18.0306
18.1513
18.2893
18.0592
18.7244
17.8665
17.7326
18.493
18.5021
17.9945
18.2241
18.026
18.1157
18.0829
17.9924
18.1152
18.1842
18.5544
18.2085
18.6754
18.4101
18.3468
18.1654
18.5489
18.2665
18.293
18.6778
18.488
17.9173
18.0129
18.1988
17.7978
18.5819
18.4573
18.4335
18.256
18.0566
18.1463
18.4706
18.402
18.2422
17.8254
18.1811
18.2149
18.6867
18.2616
18.5027
18.3583
18.025
18.1564
18.3366
18.3
18.7969
18.0478
18.3871
18.4432
18.472
18.3911
18.2266
18.1576
18.1336
18.7664
18.3745
18.072
18.1881
18.3484
18.45
18.0474
18.2987
18.3117
18.4128
18.2319
18.3547
17.9966
18.5129
18.3056
18.3514
18.1041
18.2463
18.1283
18.3576
18.8501
18.4951
18.2126
17.9194
18.2567
18.5922
18.3689
18.4658
18.7829
18.1755
18.1184
17.8516
18.4275
17.8216
18.3133
18.4945
18.609
17.9595
18.2323
18.1431
18.6945
18.5939
18.0624
18.4236
18.5057
18.4289
18.1951
18.8016
17.9493
18.5321
18.3993
18.3036
18.8396
18.6553
18.6076
18.2031
18.1254
18.0607
18.2101
18.1297
18.4974
18.498
18.4293
18.5018
18.5378
18.4645
18.2401
18.5017
18.1952
18.0588
17.9131
18.2168
18.1531
18.6244
18.1301
18.4609
18.0455
17.9417
18.3987
18.0326
18.1144
18.2021
18.0879
17.9359
18.3621
18.3155
18.1058
18.1864
18.1583
17.9782
18.3366
18.0785
18.1712
18.0402
18.1793
18.449
18.3915
17.6639
18.2042
18.1908
18.3271
17.8344
17.9228
18.1484
17.8087
17.9762
17.9598
17.8862
18.1128
18.2275
17.9525
18.1721
17.891
18.0934
17.9181
17.9571
18.0361
17.5041
18.3791
17.7881
18.3531
17.9651
18.1565
18.278
17.9866
18.2034
18.273
18.1106
18.4346
18.7024
18.3705
18.2161
18.2434
18.2598
18.2641
18.5042
18.1524
18.0882
18.5045
17.5608
18.1176
18.1212
18.2968
17.8738
18.3003
18.4458
18.0885
18.3558
18.2738
18.2998
17.9274
18.1275
18.1713
18.2213
18.1696
18.5789
18.4347
18.0808
18.2461
18.4485
18.3942
18.2934
18.1668
17.9903
18.1746
18.0064
18.006
18.5109
18.3018
18.4468
18.2157
17.6865
18.5104
18.3814
18.1899
17.9161
18.3776
18.316
18.0923
18.1337
18.0368
18.0037
17.8504
18.1946
18.2738
17.8496
18.3425
18.1724
18.0897
18.1489
18.1258
18.0106
18.3943
18.2188
18.3939
18.1825
18.4207
18.4519
17.8599
18.5127
17.9797
17.9602
17.8998
18.2536
18.26
18.0981
18.1848
18.5677
18.3454
17.8921
18.5624
18.1116
18.2921
18.463
18.3848
18.0685
18.0223
18.175
18.1563
18.4779
18.1358
18.1688
18.0435
18.5704
18.4604
18.3349
18.4022
18.0949
17.9234
17.7922
18.4576
18.1294
18.2937
17.9458
18.5539
18.3646
18.1037
18.4464
18.4594
18.1425
18.237
18.2316
18.1535
18.4861
18.3188
18.3775
17.9911
18.2797
18.2663
18.5946
18.3233
18.3317
18.1892
18.3706
18.4596
18.5764
18.2704
18.5858
18.4839
18.6261
18.1227
18.0476
18.3864
18.3412
18.246
18.3809
18.4479
18.6333
18.3632
18.1664
18.2946
18.6749
18.291
18.3631
18.3844
18.2927
18.4598
18.1345
18.233
18.1715
17.7668
18.5805
17.8908
18.297
18.4281
18.3442
18.4394
18.1456
18.301
17.8746
18.3613
18.5777
17.9871
18.3181
18.1967
18.5016
18.6532
18.4429
18.5931
18.073
18.0471
18.5304
18.09
18.1118
18.3117
18.4361
18.159
18.0032
18.4657
18.2831
18.2049
18.1782
18.1194
18.2252
17.9469
18.2737
18.6303
18.3209
18.343
18.6246
18.3134
18.6547
17.949
18.3771
18.4506
18.2846
18.1139
18.2242
18.4408
18.2377
18.3981
18.2591
18.424
18.2683
18.299
18.0814
18.4585
18.3236
18.3391
17.6681
18.1602
18.5102
18.1241
18.3173
18.2404
18.3706
18.4811
18.2435
18.2506
18.1132
18.5048
18.2892
17.96
17.8899
17.9293
18.304
18.2541
18.2491
17.8277
18.2703
18.7289
17.7257
18.3552
18.3229
18.4532
18.3833
18.1485
18.047
18.1645
18.5567
17.9169
18.3296
18.187
18.0115
18.2758
18.2874
18.2687
18.699
18.3241
18.5066
18.1608
18.3711
18.7508
18.3088
18.0978
17.9638
18.363
18.3474
18.3243
18.1336
18.2306
18.3179
18.4085
17.7909
18.2049
18.4254
18.4087
18.1844
18.3275
18.4216
17.9619
18.3932
18.1961
18.0279
17.9309
18.1696
18.4611
18.1358
17.8758
18.367
18.4276
18.0885
18.4441
17.7916
18.2298
18.1072
18.0867
18.2734
17.8956
18.0403
17.7642
17.9878
18.4852
18.2603
18.2374
18.087
18.5447
18.3858
18.2196
18.2891
17.7673
17.8648
17.6701
18.0959
17.9224
18.1116
18.1919
18.0623
18.2584
18.1361
18.0558
17.6794
18.4519
18.0573
17.6059
17.7772
17.9814
18.1311
18.287
18.1841
18.289
17.9197
17.8759
17.902
18.3123
17.8767
17.8015
18.0433
17.8717
18.0139
18.3918
18.5086
17.9599
18.1635
18.0086
17.808
18.0355
18.5211
18.105
18.4301
17.9103
17.843
17.9747
18.2618
18.3886
18.1229
17.994
18.1181
18.422
18.2805
18.2794
17.889
18.1264
18.0382
17.9195
18.4588
17.965
18.0005
18.1763
18.5683
18.0343
18.2799
18.0299
18.37
18.4817
17.7937
17.979
17.6663
18.2276
17.9242
18.3205
18.2866
18.2215
17.9403
17.9658
18.1701
18.3543
18.4607
17.9112
17.8474
17.9391
18.1758
17.5699
18.3463
18.0467
18.2997
18.2543
18.1968
18.7298
17.7578
18.1574
18.0228
17.9294
18.2871
18.2843
18.5229
18.1195
17.8005
18.1587
18.0172
18.0133
18.292
17.9503
18.0647
18.0957
18.4165
18.5687
18.2924
18.4267
18.6334
18.4447
18.0016
18.1792
18.2173
18.1496
18.1544
17.8396
17.9911
18.1247
18.1846
18.2284
18.3837
18.1998
18.1738
17.9693
18.1056
18.2312
18.2204
17.9668
18.3066
18.2636
18.228
18.4475
18.4447
18.4099
18.1092
18.3873
18.534
18.4747
18.1233
18.2263
18.0736
18.5518
18.5619
18.1558
18.49
18.3002
18.1338
18.3393
18.0953
18.569
18.3034
17.9532
18.6773
18.1836
18.2459
18.55
18.1463
18.2733
18.2666
17.9281
18.2391
18.4395
18.1793
18.2869
18.3155
18.3539
18.1442
18.0856
18.2137
17.5208
17.8787
18.3231
18.239
18.5875
18.0856
18.2428
18.2183
18.5404
18.0766
18.3865
18.3528
18.0966
17.975
18.3434
18.2526
18.6034
18.2724
18.5652
17.9104
18.2152
18.4116
18.3449
18.4814
17.7679
18.2012
18.0559
18.1534
18.2665
18.372
18.0691
18.1648
18.283
17.7475
18.6037
18.2919
17.9159
18.2241
18.6341
18.208
18.4481
18.1795
18.6631
18.492
18.1857
17.8538
18.2577
18.3917
18.1698
18.2589
18.2932
18.2304
18.3468
18.3574
17.8518
18.3237
17.6705
18.7791
18.1496
18.074
18.1594
18.0905
17.8943
17.9594
18.0808
18.0336
18.1899
18.2538
17.8436
18.0575
18.3011
17.8285
18.334
18.5625
18.2987
18.1613
18.2921
17.9735
18.2639
18.0482
18.0998
18.2027
18.4275
18.1505
18.1352
18.4968
18.1208
18.347
17.8563
18.4132
18.1803
18.4582
18.298
18.0101
18.2282
18.4868
18.2102
18.0686
18.1604
17.7643
17.9792
18.3102
18.0759
18.0888
17.991
17.9671
18.5699
18.2372
18.2707
18.1849
18.0321
18.6981
18.1871
18.1611
18.3063
18.6075
18.0701
17.7284
18.1896
18.1325
18.6815
18.1774
18.0898
18.3978
18.6522
18.5288
18.8362
18.5781
18.3771
18.6126
18.1315
18.2154
18.6316
18.5417
18.5826
18.2127
18.3611
18.5783
18.5816
18.3274
18.3008
18.1614
18.3842
17.9873
18.3116
18.525
18.146
17.9192
18.2249
18.7044
18.3396
18.1815
18.1875
18.2664
18.2389
17.9523
18.0991
18.4643
18.6102
18.5442
18.7326
18.522
18.0861
18.6316
18.6122
18.5868
18.8164
18.7883
18.2605
18.1579
18.1793
18.9282
18.5094
18.6636
18.708
18.3969
18.8021
18.2661
18.3879
18.3688
18.2935
18.2496
18.7948
18.5578
18.4787
18.5913
18.4176
18.0812
18.3025
18.3922
18.3603
18.4681
18.4763
18.4984
18.4451
18.2273
18.4971
18.395
17.8978
17.9444
17.8857
18.6663
18.096
18.3814
18.3566
18.1501
18.2114
18.2466
18.2208
18.3133
18.5251
18.212
18.4319
18.074
18.0118
18.0505
18.0822
18.1397
18.3565
18.0931
18.4108
18.1859
18.4682
17.8004
18.3223
18.2732
17.9584
18.119
17.8366
18.0461
17.8697
18.1178
18.4147
18.2495
17.897
18.2785
18.2216
18.225
18.3785
18.3991
18.0741
18.1107
18.4979
17.9508
18.5758
18.2088
18.7257
18.1854
18.2382
18.3894
18.1269
18.3078
18.3276
18.7563
18.4886
18.2729
17.9516
18.6445
18.7603
18.3191
18.1003
18.2822
18.2239
18.2628
18.7892
18.3179
18.402
18.318
17.956
17.6051
18.4774
18.4384
18.2897
18.1977
18.4047
18.2082
18.4151
18.1687
18.3895
18.0978
18.1955
18.7139
17.9018
18.6781
18.6012
17.8204
18.2368
18.5039
18.335
18.222
18.4546
18.6942
17.9872
18.3418
18.4069
18.444
17.8683
18.2336
18.4101
18.1311
18.2097
18.2405
17.8837
18.3884
18.2354
17.8804
18.3225
18.3631
18.5116
18.2755
18.0458
18.4781
18.3113
18.3489
18.3217
18.6775
18.2846
18.2674
18.3158
18.1881
18.3878
18.0275
18.7362
18.4786
17.9888
18.1115
18.298
18.1909
18.0611
18.4796
17.9554
18.2847
18.5989
18.5156
18.1107
18.5305
18.494
18.4518
18.3566
18.4064
18.0723
18.2372
18.1879
18.3545
18.2632
18.2238
18.6887
18.2767
18.3208
18.0558
18.1248
18.1079
17.9906
18.227
17.68
18.2119
18.1576
18.4825
17.9065
18.2341
17.9118
18.3814
18.0762
17.9282
18.4469
18.1152
18.2995
18.2446
18.4095
17.9173
18.3918
18.3377
17.801
17.9577
18.3749
17.9021
17.9151
18.2282
17.9284
18.1666
18.1016
18.4488
18.3108
18.31
18.6754
17.9977
18.552
18.4354
18.4795
18.6731
18.197
18.655
18.4277
18.2169
18.2415
18.1547
17.8582
18.0975
18.3019
17.8273
18.155
18.4263
18.6293
18.5664
18.5416
18.2414
18.0147
18.2323
18.0628
18.1458
18.7205
18.4875
18.2488
18.6732
18.2956
18.0971
18.023
18.3971
18.1479
18.3046
18.3442
18.3528
18.3471
18.1441
18.3502
18.6303
18.1703
18.199
17.9811
18.0022
18.5896
18.2871
18.0713
18.3609
18.3065
18.4775
18.3558
17.917
18.0955
18.5213
18.3953
18.1618
18.2221
18.0596
18.5937
18.025
17.7371
17.919
18.2181
17.8115
17.9688
18.2085
18.2903
18.2701
18.371
18.1854
18.2474
18.3438
18.5096
17.8537
18.9735
18.5673
18.0132
18.515
18.6149
18.3129
18.1706
18.1721
18.771
17.7072
18.1865
18.1617
18.3763
18.4771
18.1248
17.938
18.2668
18.348
18.3611
18.5373
18.2642
18.4051
18.7387
18.6229
18.4675
18.4502
18.1839
18.2287
18.2154
18.4622
18.5959
18.3875
18.6348
18.3295
18.2324
18.1859
18.6552
18.3493
18.3897
18.381
18.0071
18.2657
18.2306
18.1861
17.9399
17.842
18.2719
18.3308
17.8606
18.3285
18.3622
18.7097
17.9888
18.341
18.2818
18.3291
18.1876
18.35
18.0757
18.3739
18.6346
18.3902
18.4222
18.4113
18.4473
17.9722
18.1631
18.4917
18.314
18.4147
18.4537
18.3306
18.795
18.2319
18.3971
18.0354
18.3196
18.1453
18.3013
18.7726
17.9574
18.2424
18.4557
18.4497
18.1977
18.586
18.2743
17.8294
18.2715
18.4193
18.3554
18.0391
18.1189
18.151
18.2892
18.0099
18.1295
18.2564
18.0452
18.5013
18.465
18.2253
17.8124
18.2149
18.3084
18.0968
18.5018
18.6042
18.7931
18.2485
18.3582
18.0783
18.6631
18.3267
18.6739
18.5468
18.0628
18.4915
18.3289
18.0592
18.6374
18.6472
18.3849
18.5766
18.4211
18.4217
18.1412
18.367
18.3124
18.4091
18.4585
18.7666
18.1236
18.1813
18.4571
18.4663
18.9028
18.3894
18.5742
18.2948
18.4629
18.5847
18.5042
18.3018
18.38
18.3708
18.47
18.2683
18.2409
18.494
18.4418
18.2269
18.3134
18.917
18.1958
18.1321
18.2984
17.9197
18.5021
18.0366
18.7308
18.473
18.115
18.5598
18.3457
18.2265
18.3274
18.506
18.5476
18.4447
18.6322
18.5908
18.4326
18.3425
18.0319
18.3663
18.4823
18.2816
18.4765
18.4573
18.0938
18.331
18.423
18.5933
18.2686
18.6602
18.4915
18.1429
18.6152
18.2769
18.7057
18.1002
18.3795
18.7344
18.1721
18.4381
18.2098
18.1937
18.2533
18.5119
18.1429
18.3613
18.2894
18.1005
18.4468
18.7013
18.2906
18.5111
18.3916
18.5116
18.4298
18.4067
17.911
18.7317
18.3252
18.1472
18.4484
18.5333
18.712
18.2258
18.4685
18.3664
18.5799
18.4672
18.2789
18.2048
18.4071
18.363
18.0454
18.4623
18.3491
18.847
18.0441
18.4245
18.0982
18.7094
18.4066
18.2625
18.1111
18.3287
18.4245
18.2533
18.3123
18.8077
18.224
18.2921
18.0105
18.2502
18.2964
18.482
18.2698
18.1374
18.4197
17.9269
18.3918
18.0828
18.2984
18.5809
17.7039
18.2757
17.885
18.2504
18.2046
18.5013
18.1623
17.9981
18.255
17.6072
18.3226
18.4486
18.1618
18.3624
18.1935
18.5409
18.2527
18.3096
17.8971
18.3107
18.4559
18.4875
18.2211
18.1294
18.496
18.3566
18.4595
18.288
18.5415
17.754
18.2815
18.332
18.2459
18.0743
18.0209
18.043
18.1726
18.2466
18.5897
18.2168
18.0261
18.0807
18.9051
18.3261
18.567
18.5886
18.3191
18.3446
18.4152
18.4826
18.6255
17.9886
18.115
18.2869
18.5035
18.0119
18.5056
18.2734
18.5629
18.1683
18.1271
18.2003
18.0738
18.3205
18.5028
18.3551
18.0394
18.4412
18.1723
18.3489
18.6277
17.9194
18.2599
18.198
17.9422
18.1197
18.2672
18.1074
17.9952
18.4313
18.2681
18.2208
18.2848
18.1438
18.3778
18.1194
18.3612
18.4955
18.2691
18.404
18.3221
18.3989
18.0974
18.1181
18.7258
18.541
18.223
18.2038
18.0795
18.4679
17.9231
18.3745
18.2828
18.3322
18.3989
18.4594
18.007
18.2736
18.1181
18.0484
18.4051
18.4955
18.4031
18.1151
18.2265
18.3226
18.0425
18.3718
17.8604
17.9214
17.6417
17.8773
18.0556
17.8915
18.2629
18.2344
18.2259
18.1334
18.0894
17.9787
17.8385
17.8344
17.6619
18.3685
17.8475
18.4202
17.9988
17.7521
17.7818
18.0232
18.2992
17.8254
17.6347
18.5132
18.1801
18.1067
18.1829
18.293
18.4627
18.2347
18.0508
18.3534
18.2621
18.3417
18.5033
18.1287
18.3871
18.001
18.4775
17.9448
18.074
17.9692
17.8978
18.028
18.2056
18.1024
18.0838
18.3496
18.0502
18.2275
17.6898
18.6915
18.2706
18.1193
18.1929
17.9063
18.195
18.2683
18.0116
18.4257
18.1529
18.0545
18.1643
18.0341
18.121
18.2582
18.4826
18.2444
18.4432
17.9496
18.6885
18.0601
18.135
18.3511
18.5279
18.3678
18.2895
18.4945
17.9736
18.2423
18.5191
18.7757
18.3094
17.9641
18.3658
18.065
18.2015
17.7235
18.3906
18.5784
17.9083
18.3766
18.1952
18.8479
18.3587
18.2011
18.6185
18.2089
18.4596
18.3994
17.7238
18.4167
18.0434
18.4667
18.0185
18.476
18.7209
18.3082
18.1266
18.2334
18.7142
18.4206
17.9458
17.9575
18.3558
18.2053
18.4783
18.5896
18.4888
18.3197
18.2221
18.5702
18.4824
18.5784
18.3943
18.9094
18.4289
18.3821
18.5192
18.5702
18.3862
18.3377
17.9533
18.1478
18.1351
18.1505
18.0776
18.3806
18.1104
18.3309
18.0797
18.4578
18.225
18.5736
18.4403
18.2136
18.1251
17.7827
18.1837
18.0176
18.0514
17.8445
18.3109
18.1656
18.0586
18.183
17.9201
18.3981
18.2233
18.0149
18.4613
18.2454
18.3927
18.3776
18.2728
18.1197
18.0656
18.6536
18.3221
18.3552
18.4676
18.1174
18.6653
17.999
18.2764
18.4411
18.3343
18.2968
18.3806
18.2519
18.1952
18.2331
17.9612
17.9119
18.3163
18.0888
18.4866
18.4168
17.9549
18.0784
18.0835
18.2395
18.2456
18.3824
18.3152
18.5804
18.0311
18.5409
18.4817
18.5254
18.0582
18.3469
18.0565
18.0306
18.5451
18.3339
17.9043
18.0556
18.1117
17.9528
18.6853
18.4877
18.4415
18.2478
18.2101
18.8333
17.6724
18.1772
18.8021
18.3759
17.9917
18.3107
18.7471
18.5602
18.8468
18.6041
18.6952
18.4213
18.19
18.9191
18.5243
18.0361
18.742
18.7333
18.1191
18.5212
18.3545
18.4417
18.4188
18.6335
17.9905
18.4777
18.4272
18.5023
18.3211
18.2282
18.4083
18.5417
18.3167
18.6632
17.9839
18.483
18.1882
18.0879
18.3288
18.4298
17.9808
18.2414
18.2445
18.3698
18.1534
18.1355
18.3112
18.3526
17.7843
18.5221
18.1115
18.339
18.3562
18.1589
18.3431
18.4435
17.5812
17.9577
18.2859
17.9806
18.1262
18.4461
18.2209
18.0328
17.9587
18.1432
18.1424
18.6646
18.2926
18.5188
18.2073
18.0974
18.4745
18.2217
18.6095
18.4556
18.1858
18.0785
18.4824
18.2741
18.0425
18.5977
18.2398
18.5933
18.1667
18.069
18.253
18.8636
18.0344
18.3534
18.4579
18.1065
18.2071
18.5142
18.4136
18.5856
18.5194
18.4014
18.0992
18.4442
18.4915
18.4933
18.2378
18.4167
18.2611
17.9103
18.1598
18.2422
18.2296
17.67
18.2866
18.3833
17.981
18.2429
18.2123
18.2065
18.0799
18.0509
18.1662
17.8472
17.9805
18.367
18.1491
18.2055
17.9419
18.296
18.1526
18.5613
18.3463
18.4606
18.632
18.1513
18.3937
18.0936
18.4628
18.4657
18.489
18.5013
18.4252
18.4947
18.1655
17.9801
18.1302
18.2212
17.7777
18.3247
18.1114
17.6712
17.778
18.2514
18.3594
17.8631
17.8582
17.9149
18.5341
18.2377
18.1474
18.1973
17.9462
17.9991
18.3572
18.2244
18.2167
18.3736
18.3276
18.3224
17.7896
18.0635
18.5071
18.5504
18.1546
18.0019
18.1815
18.4568
18.2338
18.2169
18.0951
18.0722
18.638
17.8486
18.1329
18.1318
18.3047
18.1566
18.4825
18.3658
18.1409
18.1167
18.2596
18.4454
18.5233
18.0063
18.407
18.1547
18.4668
18.5064
17.9666
18.5475
18.1409
18.6705
18.3933
18.1377
18.2087
18.2305
18.1851
18.066
18.7407
18.0606
18.4228
18.3722
18.5969
18.5776
18.3137
18.3797
18.108
19.0049
18.3708
18.2125
18.1846
17.9336
18.4033
18.2108
18.4144
18.5296
18.3398
18.3896
18.3232
17.9068
18.2293
18.2467
18.2481
18.2273
18.0565
17.9946
18.6089
17.7386
18.5552
18.2287
18.1813
18.2439
18.2481
18.0061
17.8924
18.0807
18.2456
18.234
18.2324
18.1517
18.3086
18.4983
18.0995
18.4553
18.0741
18.0594
18.442
18.1096
18.1338
18.471
18.4675
18.2091
18.0921
18.1627
18.289
18.1913
18.2614
18.1915
18.3398
18.6632
18.5798
18.4385
18.0441
18.165
18.1414
18.5185
18.2726
18.4486
18.5622
18.3596
18.2384
18.4599
18.5626
18.2384
18.1594
17.9212
18.3232
18.4754
17.9811
18.525
18.3807
18.2549
18.5343
18.2452
18.437
18.2344
18.011
18.2184
17.8634
18.2288
18.5259
18.3921
18.0435
18.1833
17.9879
18.4292
18.8281
18.1029
18.6078
18.2913
18.1579
18.3952
18.1917
18.1514
17.8642
18.3937
18.4066
18.4583
18.5299
18.1257
17.994
18.5468
17.9601
18.2012
18.1987
17.9344
18.2233
18.5203
18.3013
18.244
18.2128
18.2844
18.5555
18.4093
18.361
18.363
18.2145
18.6312
18.0981
18.3529
18.3903
18.1611
18.3967
18.2234
18.2577
18.42
18.525
18.1703
18.0439
18.1789
18.114
18.5981
18.2507
18.4024
18.2833
17.8853
17.9826
18.0117
18.1491
17.6657
18.0825
17.9178
18.1479
18.1483
18.0424
18.1952
18.368
18.475
18.5416
18.5833
18.0268
18.3814
18.3157
18.2778
17.9477
18.2118
18.2552
18.0999
18.0499
18.0902
18.1966
18.4105
18.4123
18.2468
18.2886
18.2075
18.2184
18.007
18.0467
17.7989
18.2694
18.4615
18.1678
18.4028
18.3129
17.999
18.3087
18.4511
18.5931
18.1422
18.1672
17.8744
18.323
18.3918
17.9952
18.1071
17.7309
18.4897
17.7855
17.7552
18.4655
17.9087
18.237
18.2397
18.3752
18.2776
17.7299
18.4212
18.034
18.089
18.0985
18.4737
18.2547
18.2179
17.971
18.1835
18.4244
18.2292
18.5656
18.6
18.1147
18.3183
18.408
17.9386
18.02
17.8489
18.3947
18.2772
18.2209
18.0451
18.3104
17.9765
17.8939
18.3093
17.4204
18.3511
18.5592
18.2239
18.4577
18.0814
18.0666
17.7508
18.2929
18.377
18.5823
17.8765
17.9678
18.5762
18.1812
18.387
18.149
18.1143
18.5379
18.1344
17.7822
18.2228
17.8032
18.3942
17.6836
18.6008
18.1619
18.2368
18.2019
18.527
18.6826
18.1523
18.2039
18.1191
18.4292
18.3844
18.2529
18.3589
18.4908
18.3718
18.2617
18.4408
18.0372
18.6718
17.8992
18.4246
18.4883
18.5474
18.3388
18.1428
18.2702
18.017
18.5522
17.9205
18.344
18.2468
18.5228
18.4295
18.4677
18.2736
17.7837
18.2742
18.2777
18.5372
18.2785
18.4467
18.1241
18.1737
18.1435
18.242
17.8405
18.3435
18.2664
18.3748
18.2835
18.1551
18.2041
18.4126
18.3244
18.6174
18.232
18.0727
18.0541
18.0044
17.8966
18.187
18.0873
18.5399
18.323
17.9265
18.3362
18.1089
18.2813
18.1802
18.3199
18.3586
18.4246
18.2436
17.6255
18.108
18.0234
18.0903
18.1051
18.2547
18.2507
18.5523
18.2
18.0739
18.4795
18.1366
18.269
18.3736
18.355
17.8731
18.0201
18.0347
18.1127
18.1061
18.3371
18.2256
17.9777
18.4554
18.2323
17.7354
17.9052
17.9396
18.1906
17.8473
18.2102
17.6422
18.1961
17.8677
18.1098
18.1262
18.0186
17.9538
18.0983
18.1681
18.1138
18.3522
18.2856
18.3455
18.2276
18.1524
18.0739
18.564
18.5083
18.0938
18.0684
18.3224
18.0152
17.5888
17.9717
17.7196
18.0929
17.9286
18.2767
17.985
18.0131
18.0766
18.3516
17.913
18.1529
17.9806
18.2715
18.0471
18.1982
18.1129
18.2564
18.0026
18.016
18.1039
18.1339
18.5255
18.1377
18.0426
18.3115
18.2891
18.3151
18.124
18.122
17.6621
18.462
17.8734
18.1429
17.9997
18.4386
18.3123
18.5293
18.4594
18.4473
18.114
18.2836
18.6909
18.3848
18.6624
18.373
18.267
18.4394
18.1786
18.529
18.4561
17.865
18.119
17.8658
18.2392
18.1001
18.0257
18.4969
18.3385
18.1157
18.1977
18.6911
18.3643
17.9442
17.9587
18.3817
18.051
18.3186
18.8514
18.4077
17.8258
17.8992
18.1847
18.2995
18.2573
17.9739
18.0269
18.2367
18.0968
18.0249
18.4265
18.2593
18.3032
18.218
18.1719
17.9703
17.7195
18.4128
18.1509
18.1679
18.6593
18.6937
18.3181
18.6169
18.5022
18.0457
18.2775
18.5285
18.0954
18.3787
18.4772
18.5934
18.239
18.0737
18.6759
18.5411
18.4847
18.09
18.6005
18.2924
18.2592
18.2503
18.1606
18.1355
17.9976
18.3341
18.4641
18.7843
18.1527
18.3064
18.213
18.4217
18.3051
18.1236
18.1068
18.4193
18.2009
18.574
18.2806
18.1149
18.1516
18.3063
18.1582
18.0359
18.2799
18.3058
17.9907
18.0077
18.2121
18.4957
18.2683
18.1758
18.6846
18.3308
17.8564
18.1973
18.091
18.4747
18.3664
18.5339
18.1829
18.295
18.3355
17.6416
18.2905
18.0157
18.4313
18.1282
18.3283
18.3449
18.3422
18.5321
18.4091
18.2199
17.9452
18.24
18.4081
18.0964
18.3586
18.6139
18.3544
18.0582
18.1074
18.658
18.4792
18.1505
18.1832
18.2188
18.3215
17.8551
18.4233
18.4856
17.8086
18.7213
18.2084
17.9199
18.026
18.1707
18.5575
18.034
18.2975
18.4671
18.3227
18.1114
18.4907
17.6404
18.2804
18.0239
18.1242
18.2565
18.5873
18.3617
17.721
18.1589
17.9788
18.3305
18.0165
18.5289
17.9635
18.3674
18.1936
18.4751
18.0226
17.8154
18.4003
18.048
17.8794
18.1028
18.1506
18.5927
18.0022
18.2308
18.3469
18.2166
18.5572
18.2788
17.9018
17.9414
18.0692
18.4288
18.4906
18.5314
18.1736
17.7006
18.208
18.3894
17.7437
18.2604
18.2816
18.3679
18.1176
18.4668
18.1435
18.5551
18.2411
18.0005
17.9783
18.5091
18.3065
18.8321
17.9217
18.5173
18.3623
18.312
18.4104
18.3709
18.1886
18.2782
18.0306
18.0488
17.8745
18.3843
18.2648
18.2995
18.6454
18.2903
18.0252
18.2037
18.1501
18.3851
18.157
18.2258
18.171
18.2834
18.6789
17.8118
18.4804
18.3124
18.4272
18.4155
18.1888
18.2747
18.4408
18.5836
18.3464
18.6262
18.5279
18.1283
18.3335
18.5883
18.6569
18.384
18.4394
18.3383
17.9582
18.644
18.3099
18.0391
18.4193
18.5459
18.463
18.7959
18.5966
18.2979
18.6423
18.1959
18.466
18.0795
18.2902
18.2531
18.4648
18.4293
18.5321
18.3676
18.5189
18.2304
18.3301
18.463
18.3043
17.8412
17.9766
17.7939
18.1724
18.1611
17.9945
18.036
18.0151
17.9803
18.1626
18.4838
18.7143
18.5043
18.3171
18.2048
18.369
18.285
18.1025
18.2272
17.8365
18.5454
18.2115
18.1867
18.2077
17.8967
18.0799
17.9999
18.5626
17.886
18.2818
17.9333
18.3753
17.904
18.2075
18.044
17.8444
18.0343
18.3467
18.1912
18.2289
18.4098
18.5578
18.1509
18.0438
18.2995
18.3162
17.7344
18.4431
17.8282
18.1952
18.1319
18.2659
18.0443
17.8365
18.2521
18.383
18.1191
18.3628
18.1587
18.1972
18.4864
18.1514
17.9103
18.1479
18.3099
17.9317
17.9483
18.2789
18.4623
17.6273
17.9573
17.9195
17.9824
17.9158
18.0561
18.0706
18.3743
17.7777
18.1998
18.0018
17.7044
18.021
18.1208
18.2717
17.9777
17.8522
18.1367
18.0899
17.9013
18.1332
18.2428
17.923
18.3914
18.3574
18.0765
18.2454
18.1663
17.9995
18.382
18.7414
18.0513
18.2562
18.6049
18.5423
18.1215
18.3531
18.4401
18.6554
18.1194
18.4378
18.1871
18.0951
18.2569
18.1513
18.2303
18.0536
18.4254
17.9603
17.8292
18.0952
18.1474
18.0231
18.4237
18.1511
18.2314
18.4562
18.3739
18.4623
18.1767
18.3545
18.1956
18.138
18.5025
18.0992
18.0884
18.0466
18.3354
18.0023
17.9441
18.0681
18.1524
18.2222
17.8568
18.2879
18.147
18.4532
18.2701
17.9905
17.7814
17.9489
18.1368
17.431
17.8403
17.9441
18.2398
18.264
17.8555
18.2543
17.8114
18.2315
18.0067
18.3387
17.5855
18.0603
18.0546
17.9935
17.9534
18.2635
18.0013
18.0874
18.2218
17.8814
18.1904
18.3715
17.9685
17.9303
18.1759
18.1161
17.904
18.6021
18.1451
17.9033
18.4095
18.6831
18.0369
17.5274
18.2467
18.3218
18.3279
18.5831
18.646
17.9615
18.3183
18.4625
18.1437
18.454
18.2466
18.5569
18.3002
18.2709
18.0146
18.2374
18.1972
18.0409
18.1203
18.3402
17.9429
18.2192
17.8844
18.1677
18.4515
18.4219
18.5942
18.1199
18.305
18.4345
18.3576
18.487
18.1146
18.1792
18.2089
17.8601
17.9114
17.7519
18.1909
18.2561
18.0043
18.1337
18.1177
18.171
18.0785
18.4223
18.1132
18.504
18.4777
18.1255
18.0372
18.5042
18.7427
17.906
18.3605
18.2215
17.7908
18.0915
18.3535
18.0143
18.0454
18.1746
18.6049
17.9974
18.1519
18.184
18.1767
18.1857
18.4881
18.2983
18.0807
17.9248
17.8326
18.1802
18.3093
18.2381
18.1678
18.3359
18.0802
18.5645
18.0437
18.2187
18.0635
18.4137
18.5968
18.2084
18.138
18.3938
18.5128
18.539
18.2916
18.2885
18.6313
17.9252
18.2031
18.2264
18.3595
18.1652
18.3803
18.1814
18.4304
18.0364
18.3152
18.3098
18.0506
18.5948
18.5378
18.484
18.2846
18.2008
18.3806
18.0122
18.4556
18.5074
18.618
17.8816
18.1524
17.908
17.5057
18.4739
17.7989
18.341
18.2141
18.0735
18.4424
17.844
18.3534
18.3578
17.8958
18.2192
18.2175
18.0141
18.0216
18.0795
18.0107
18.317
17.704
18.1745
17.7297
17.8199
17.8554
17.7705
17.9879
18.3896
18.4585
18.1654
18.254
18.2026
18.3236
18.0522
17.9738
18.0837
18.2485
18.3039
18.0349
18.1342
18.2951
18.2624
18.3617
17.9822
18.0186
18.4346
18.2573
18.1574
18.499
18.1764
18.1902
18.3289
18.0981
18.4116
17.9047
18.1929
17.9596
18.1433
18.0654
18.0671
18.4139
18.2785
18.0534
18.3128
18.3926
17.6951
18.05
18.3285
17.8521
17.8423
18.0088
18.1228
17.9195
18.1474
18.3669
18.1107
18.0665
18.3847
17.8541
18.2859
18.1987
18.4971
18.7661
18.4945
18.3714
18.6557
18.3589
17.861
18.3206
18.2281
18.3583
18.3667
18.3796
18.4052
18.5184
18.1935
18.089
18.0327
18.5479
18.5062
18.1616
18.3211
18.1859
18.2564
18.5543
18.2236
18.4427
18.1931
18.1955
18.2988
18.4496
18.7352
18.4456
18.4396
18.4277
18.1125
18.478
18.4043
18.4949
18.3905
18.4552
18.3386
18.4056
18.7984
17.9765
18.7101
18.3382
17.8995
18.4548
18.3394
18.3759
17.8082
18.5628
18.8493
17.9217
17.8714
18.435
18.4888
18.2711
18.2347
18.4164
17.9185
18.6431
17.9237
18.2
18.2742
18.0976
18.397
18.1259
17.9999
18.5396
18.5171
18.1677
18.2333
18.2487
18.2949
18.389
18.1916
18.3376
18.4997
18.6488
18.4861
17.8554
18.3619
18.1135
18.4758
18.346
18.7575
18.4728
18.4894
18.1257
18.4643
18.5943
18.1657
18.34
18.5244
18.9119
18.4848
18.0508
18.0356
18.3286
18.5395
18.8783
18.7381
18.0424
18.1424
18.5152
18.3961
18.4347
18.1274
18.293
18.4241
18.3683
18.4033
18.1551
18.5923
17.809
18.4219
18.0005
18.4096
17.9562
18.328
18.1678
18.1619
18.1004
18.0748
18.2962
18.2574
18.1934
18.3012
18.3089
18.6797
17.9664
18.375
17.9144
18.6143
18.2701
18.3809
18.5061
18.3275
18.0977
18.4048
18.23
18.5549
18.1526
18.4133
18.3351
18.5408
18.5995
18.0913
18.3933
18.4254
18.5142
18.0662
18.0963
18.515
18.5848
18.4681
18.3854
18.3938
18.2318
18.0946
18.3117
18.2181
18.2214
17.9711
18.3534
18.2672
18.7379
18.1833
18.3904
18.2747
18.5252
18.449
17.9813
18.4872
18.3262
18.0942
17.9436
18.4021
18.8124
18.0163
18.5582
18.6931
18.3623
18.4181
18.4205
18.3559
18.3988
18.2825
18.4258
18.4463
18.3863
18.4901
18.4036
18.5443
18.4298
18.3743
18.4145
18.107
18.5261
18.3955
18.264
18.2768
18.6538
18.1869
18.6516
18.3752
18.1501
18.2812
18.5985
18.5822
18.2934
18.56
18.353
18.3309
18.431
17.7904
18.4021
18.5142
18.4884
18.1981
18.3734
18.4523
18.053
18.578
18.5907
18.3989
18.5832
18.4987
18.127
18.4612
18.5106
18.5494
18.4236
18.327
18.3976
18.508
18.4818
18.3735
18.2981
18.6159
18.3724
18.3267
18.0832
17.8834
18.4612
18.3565
18.3299
18.5529
18.5101
18.3884
18.3889
18.3002
18.3548
18.6561
18.4969
18.3964
18.2533
18.3795
18.1602
18.35
18.199
18.5886
18.3624
18.3607
18.1506
18.572
18.5871
18.91
18.4333
18.0467
18.5256
18.4312
18.4286
18.5539
18.4608
18.6583
18.4436
18.6255
18.2601
18.2564
18.3884
18.6168
18.6078
18.7135
18.0541
18.5487
18.3988
18.4778
18.4438
18.2258
18.0908
18.4793
18.345
18.1118
18.529
18.6132
18.5947
17.9025
18.2381
18.0238
18.6025
18.2215
18.2195
18.1384
18.2941
18.2256
18.0547
18.2751
18.0443
18.3764
18.1228
18.5499
18.1722
18.285
18.5649
18.0114
18.0296
18.4453
18.0776
18.2978
18.5468
18.0428
18.5462
18.5147
18.0008
18.4913
18.3479
17.8767
18.338
18.2528
18.3785
18.2112
18.1929
18.5005
18.2944
17.9829
18.0469
18.6277
18.7366
18.1625
18.3885
18.5112
18.1126
18.4722
18.1621
18.6361
18.4918
18.6881
18.5354
18.14
17.7981
18.3153
17.994
18.4806
17.8141
18.3981
17.9315
18.5789
18.1251
18.3501
18.2912
18.3137
17.7675
18.5468
18.5433
18.3114
18.1051
18.3072
18.0746
18.0867
18.3446
18.5823
18.1665
18.3715
18.319
18.0001
18.4181
18.3109
18.2148
18.312
18.3164
18.2494
18.5714
18.2031
18.1822
18.3308
18.3374
18.5822
18.3665
18.4441
18.757
18.5005
18.4085
18.3796
18.3785
18.5032
18.3081
18.5979
18.7125
17.8846
18.5596
18.2368
18.3263
18.3097
18.2054
18.6126
18.4158
18.0203
18.534
18.398
17.9858
18.0018
18.5881
18.3792
18.6001
17.9662
18.489
17.9582
18.2368
18.5823
18.484
18.4294
17.7743
18.0636
18.4902
18.2538
18.1702
18.2243
18.1945
18.149
18.1532
18.1679
18.3906
18.1133
18.7172
18.4083
18.7388
18.3412
18.6541
18.4062
18.1465
18.6464
18.3554
18.1006
18.3936
18.5816
18.2771
18.1273
18.5959
18.5993
18.6588
18.8012
18.3508
18.1568
18.2197
18.4584
18.6706
18.212
18.7378
18.4616
18.3967
18.3435
18.2962
18.1586
18.5811
18.1787
17.8328
18.2589
18.0569
17.5203
18.168
18.169
18.1193
18.0811
17.755
18.2197
18.0009
18.0059
18.2968
18.1813
18.5032
18.0999
18.4181
17.8891
17.7955
18.1384
18.0147
18.1103
18.3703
17.9475
17.9912
18.4179
18.2042
18.3326
18.391
18.3024
18.1037
18.493
17.9927
18.9168
18.2903
18.3531
18.4591
18.0076
18.37
18.7652
18.1185
18.0577
18.4562
18.1131
18.0296
18.6184
18.2231
17.8662
18.1636
18.1464
18.4012
18.3039
18.4831
18.6999
18.0263
18.5315
18.0781
18.1024
18.2847
18.8163
18.0101
18.0745
18.1103
18.4166
18.4553
18.2905
17.9684
17.9594
18.3555
18.5809
18.2399
18.2216
18.2724
18.3247
18.2222
18.0878
18.2678
18.466
18.4093
18.4172
18.2778
17.7655
17.9317
18.1844
17.9834
18.1739
17.9655
18.2593
18.2918
18.4142
18.4828
18.3239
18.3382
18.4332
18.4007
18.5168
18.5755
18.0414
18.4234
18.2381
18.4256
18.3862
18.575
18.2185
18.4525
18.6091
18.3407
18.0671
18.1053
18.5389
18.4101
18.3482
18.3046
18.0096
18.1815
18.0306
18.3665
18.0386
18.1938
18.4665
18.2871
18.3235
18.0916
18.227
18.0341
18.2979
17.93
18.5079
18.2056
18.2229
18.2487
18.3261
18.6722
18.0655
18.3708
18.5657
17.9783
18.3162
18.5611
18.3528
18.4711
18.069
18.0518
18.0377
18.1776
18.7841
17.7494
18.3375
17.9918
18.0936
18.2376
18.1377
18.1685
18.264
18.1066
18.5296
18.3244
18.2651
18.2742
18.2387
18.4806
18.098
18.2755
18.4168
18.2118
18.0783
18.3459
18.2872
18.7124
18.3733
18.1827
18.2764
18.1029
18.7465
18.1961
18.3172
18.294
18.5511
18.0881
18.1232
17.9436
17.9651
18.2207
18.1797
17.9038
18.3761
18.5839
18.2946
18.2916
18.2057
18.4243
17.9492
18.5483
18.2385
18.2949
18.5575
18.5056
18.9235
18.589
18.3095
18.6458
18.2976
18.0605
18.4165
18.4959
18.2709
18.2138
17.796
18.5929
18.2914
18.581
18.4437
17.995
18.5526
18.0879
17.9152
18.3935
18.4093
18.4203
18.29
18.1672
18.2722
18.222
18.1197
18.6188
18.1612
18.355
18.4408
18.3138
18.4479
18.1301
