2.98638
2.83964
2.95007
3.09719
3.04057
2.69081
2.81844
3.0092
2.87353
3.00164
2.86851
2.84486
3.15466
3.11845
3.10433
2.64814
2.71753
2.89931
3.01465
3.33354
2.56591
3.37766
2.7713
3.27365
2.62865
3.20859
3.28825
3.16353
3.01374
2.70773
3.01649
2.78572
2.62751
2.71514
2.59169
2.74569
2.84621
2.46804
3.21129
2.79577
3.21649
2.61899
2.82496
3.44683
2.79937
3.02736
2.97658
3.16272
2.7672
2.73448
2.58434
3.05786
3.16485
2.84584
3.12212
3.12543
3.18994
2.9618
2.6593
3.20644
2.87163
2.77695
2.79399
3.05763
2.91364
2.58945
2.9665
2.97914
3.06387
2.39758
2.97239
2.8509
2.85047
2.71226
2.47234
3.27037
2.77338
2.77163
3.03741
2.58464
3.10009
2.9409
3.03677
2.77889
2.87763
3.20652
2.55904
3.34892
2.56287
2.98677
3.03868
2.78802
2.83139
2.93258
3.05918
3.44916
3.31238
3.46069
2.80335
2.64346
2.7893
3.19018
3.08599
2.63586
2.93791
2.59351
3.15989
3.16018
2.83785
3.07158
3.08763
3.09875
2.64214
2.81857
2.67736
2.81769
2.8609
3.0896
2.88914
2.78629
3.3201
2.59405
2.85255
2.72107
2.94358
3.07265
3.04313
2.88262
3.15166
2.84403
2.87106
2.97384
3.05149
2.75388
2.94016
2.90622
2.98484
2.63507
2.77038
3.11912
2.74139
2.86014
2.70853
2.94045
3.21024
2.58811
3.14108
3.37202
2.6662
3.02794
3.11331
2.8348
2.77548
3.16437
3.0722
2.81973
3.04039
2.78894
3.37122
3.3508
2.87595
2.92445
2.69
2.94665
2.67403
2.94535
3.0469
2.73035
2.90593
3.03873
2.97266
2.8068
3.07887
2.77704
2.93839
3.15622
2.71806
2.19803
2.7846
2.97661
3.13685
2.7938
2.77039
3.52483
2.29585
2.97039
3.02165
3.38835
2.9013
3.43559
3.23746
2.73759
3.08062
3.05653
3.27838
3.21447
3.04095
2.37329
2.62581
3.09167
2.59417
2.62519
2.4298
2.80999
2.4599
2.98141
2.84843
3.29097
3.18821
2.55331
3.06522
2.1851
3.11565
2.8284
2.67217
2.53628
3.22954
2.72581
2.99812
2.80802
2.47732
3.00997
3.01538
3.06296
3.08143
2.94167
2.94557
2.69343
2.8253
2.81907
2.88198
2.75891
2.97539
3.11381
2.80269
2.29268
2.82978
2.66856
2.8476
2.54054
2.91037
2.62236
3.22511
2.77628
3.10678
2.49377
2.69469
3.30066
2.67585
2.85365
2.92271
3.23053
2.85936
2.95726
2.97394
3.16825
2.74441
2.64318
2.96984
3.20385
2.57752
2.80387
3.00084
2.99234
2.82762
2.88188
3.00778
2.83232
3.17678
2.74162
3.02481
2.74274
2.62414
3.03607
2.64601
3.20236
2.76791
2.93553
2.62719
2.85129
3.22692
2.71106
3.14632
2.85578
3.0214
2.94491
3.09655
2.69002
2.74175
2.83021
2.68094
2.98717
3.06606
2.63239
2.44583
3.00646
2.47637
2.46091
2.63945
2.69511
2.46699
2.64501
3.02572
2.99411
2.81583
2.47897
2.66306
2.7198
2.7645
2.8338
2.73931
2.50399
3.04123
2.60174
2.92314
2.79679
2.48875
2.84022
2.87958
2.44369
2.75193
2.65639
2.68478
2.64577
2.54204
3.13144
2.89443
2.94553
2.60938
2.61439
2.77482
2.71635
2.86849
2.75846
3.03491
2.43441
2.88594
2.98965
3.07483
2.87311
2.77411
2.89163
2.79432
2.82466
2.74559
2.76213
3.20459
2.95214
2.63266
2.9812
2.86874
3.10591
2.88235
2.43087
2.78076
2.92106
3.02336
2.61926
2.79385
3.02007
2.90062
2.59282
2.77077
2.91254
3.07354
2.73751
2.87809
2.67405
2.92341
2.84916
2.86459
3.00228
2.85201
2.7009
2.5316
2.97141
3.22733
2.68772
2.62942
2.69713
2.87311
2.84824
2.76083
3.07005
2.81835
2.72338
2.63102
2.90871
2.56554
2.60876
3.31334
2.96029
2.92556
2.86192
2.97864
2.80697
3.03356
2.8932
2.90804
3.46132
2.62685
3.13989
2.70743
2.75189
3.18934
2.9262
3.11481
3.23283
3.05648
2.66419
2.33902
2.90653
3.04014
3.19297
2.8992
3.15018
2.75537
2.53969
2.62235
3.00128
3.59437
2.94529
2.742
3.20426
3.05376
2.94002
2.82893
2.52395
3.38825
3.09122
3.04156
2.92205
3.20484
2.91187
2.79547
2.99778
2.65638
3.37352
2.97437
2.7815
2.89157
2.88086
3.35647
2.70919
3.0119
3.16157
3.12773
2.77319
2.8778
3.1978
3.1667
2.98588
2.92578
2.75745
3.26006
3.10978
2.93312
3.06308
2.93662
3.34932
3.23088
3.06615
3.26013
3.13936
3.06259
3.0839
3.23017
2.94626
2.9062
2.96792
3.14765
3.07068
2.93401
2.9531
2.92488
2.99257
3.29196
2.52047
2.53698
2.92228
2.89377
2.43096
2.78626
2.84804
2.83347
3.29412
2.71411
2.85491
2.9328
2.993
2.95311
3.04583
3.32244
2.6902
2.85083
2.13811
3.06646
2.62713
3.00159
3.00869
3.00647
3.29458
2.92422
2.87454
3.15797
2.92677
3.42291
2.77648
2.40021
3.14063
2.94327
3.37657
2.73969
2.94102
3.2806
2.64412
2.98607
2.53677
2.97063
2.80711
2.82159
2.83687
2.99586
2.86385
2.91805
3.34454
2.82998
2.97096
2.79923
2.98419
2.88311
2.93349
3.28771
3.29214
3.41321
2.6768
3.11407
3.09455
2.65255
3.18179
2.89678
2.86899
2.99398
3.05431
3.09439
2.79337
2.99885
2.75848
3.13473
2.60308
3.11424
2.83717
3.08324
3.09277
2.89024
2.6695
2.70766
3.00305
2.83039
3.00843
3.02757
2.52264
2.60489
2.85891
3.0829
3.31092
2.99899
2.8949
2.76356
2.57748
3.18808
2.81568
3.09007
2.98037
3.11256
2.79841
3.09244
3.07951
3.1923
2.55712
2.43048
3.19709
3.01404
2.80679
2.91159
3.12392
3.16609
2.87111
3.21064
3.12644
3.06192
2.79941
3.09614
2.83282
3.03582
2.99477
2.87868
2.4981
2.57412
2.79357
2.87959
3.01539
2.47051
3.12168
2.82826
2.9162
2.68262
2.98913
3.07715
3.03271
2.69781
2.69933
2.53725
2.94591
2.56517
2.98713
3.16239
2.67737
2.8771
2.95021
3.17249
3.03345
2.73599
2.58288
2.42288
2.99549
2.60067
2.38807
3.30523
3.31171
2.59543
2.79869
2.65047
2.98208
3.15331
2.91596
2.78762
2.83223
2.68597
2.60724
2.99147
3.01141
2.7203
2.85296
3.05319
3.09268
2.75325
3.04208
3.09991
2.82601
2.72152
2.90238
2.90469
3.06638
3.22845
3.03109
3.05502
2.65069
3.35329
2.40224
2.86595
3.08609
3.11699
2.67666
2.86501
3.27428
2.93665
3.08052
2.66232
2.79302
3.16109
2.58871
2.81485
2.85845
2.57359
3.19356
2.87871
3.19251
3.0485
2.76312
2.88204
3.11073
2.93309
2.76563
2.86626
2.79085
2.99385
2.70065
3.08441
2.86579
3.05483
2.8223
2.66889
2.97392
2.8983
2.77679
2.65899
2.78935
2.61416
3.04497
3.06088
3.03922
2.47865
2.50001
2.66514
2.60835
2.58871
2.98866
2.89121
2.59363
2.78057
2.82076
3.00589
2.47468
2.57381
2.89958
2.75821
3.28273
3.00639
2.72002
3.08428
3.30877
3.18982
2.75749
2.82097
3.1025
2.6867
2.66652
2.9852
2.8553
2.91158
2.6112
2.53613
2.78792
2.83225
2.94628
2.61185
3.06494
2.89325
2.94715
2.67478
2.77517
2.59517
2.9418
2.65415
2.73035
2.74802
2.45181
2.84642
2.96938
3.31861
2.44425
3.09107
2.93922
2.58455
2.97456
3.10457
2.63458
2.80363
2.71004
2.71151
2.93339
2.8941
2.84266
2.87441
2.86325
2.73314
2.74322
2.79872
3.04831
2.34821
2.92524
2.47272
3.15472
2.95677
2.81268
2.56271
2.53893
3.04339
2.87409
2.60442
2.43668
2.89047
2.75369
2.63195
2.68108
3.21147
2.76495
2.76033
2.98576
3.06788
2.74336
2.75388
3.08903
2.99685
2.59276
2.4245
2.50445
2.66594
2.78577
2.8684
2.84654
2.57064
2.87728
2.92232
2.9635
2.446
2.55938
2.83359
2.7664
2.61767
2.70752
2.94874
2.9961
2.507
2.88305
3.03302
2.86616
2.57439
2.83313
2.70667
2.43482
2.65561
2.62867
3.34372
2.79443
2.94165
2.91916
2.73607
2.74083
2.8377
2.99267
2.7329
2.63252
2.62183
2.78876
2.86332
3.05852
3.11434
2.81665
2.91254
2.9975
2.5504
2.60273
2.68919
2.86864
2.90413
2.85783
2.58485
2.95109
2.91647
2.45339
2.5361
2.83301
2.43891
2.86805
2.78776
2.83267
2.96018
2.55566
2.75729
2.74246
2.8119
2.41616
3.07625
2.86409
2.38135
3.24054
2.85916
2.87368
2.64893
2.92336
3.20055
2.8937
3.04173
2.84082
2.96972
3.14744
2.37272
2.7558
3.07783
2.44903
2.79931
3.19829
3.09728
3.00246
2.80077
3.08661
2.8967
2.93687
3.08246
2.94603
2.96335
3.47819
3.0405
3.05454
3.0879
2.92767
3.2724
2.62232
3.0578
2.92308
2.93978
2.84501
2.53909
3.14733
3.34065
2.76562
2.78344
2.9346
2.97188
2.73772
2.63441
2.87881
3.22558
2.68372
3.21256
3.20158
2.54892
3.11015
2.83518
3.06882
2.97455
2.72025
3.10955
2.76528
3.40255
2.77554
3.16839
2.55461
3.22853
2.86685
2.97017
2.97892
2.96634
2.79863
3.1939
3.29437
2.84478
3.26584
3.15106
3.02287
3.13324
2.94354
2.87538
2.95299
2.83697
3.14635
2.74339
3.04715
2.72547
2.69718
2.83943
2.59486
2.53563
2.41072
2.81635
2.82978
3.01478
2.99003
3.15549
3.18327
2.98586
2.73388
3.00015
2.33987
2.83138
2.51708
2.6699
3.14848
2.59899
3.05869
2.58003
2.87942
2.85344
2.57544
2.82254
2.60938
3.31748
2.39566
3.19495
2.47687
3.35187
2.8093
2.83168
2.9888
3.22607
3.23786
2.85751
3.27007
2.94558
3.02713
2.83195
3.0826
3.10765
3.07514
2.90924
2.63069
2.76715
3.00416
2.79845
2.77197
2.76792
2.76652
2.97996
2.56753
2.83268
2.80651
2.83701
2.69733
2.93244
2.88157
2.99286
2.73315
2.80491
2.83416
2.4608
2.85814
2.75625
3.10682
2.82436
2.77892
3.02326
2.50773
2.69919
3.01635
3.00801
2.60747
2.7098
2.17108
2.57664
2.97347
3.0439
2.63015
2.9781
2.97233
2.45399
3.15524
2.79921
3.17708
2.89434
2.83744
2.84877
3.00963
2.99841
2.94792
2.78657
2.8806
2.67342
2.79915
2.72144
3.01919
2.74195
2.78385
2.91822
2.71577
3.08417
2.73691
3.0124
3.2324
2.76169
2.95221
2.77179
2.97418
2.63296
2.6696
2.67985
2.8023
3.11399
2.81537
3.02619
3.12208
3.11225
2.93355
2.81332
2.42982
2.57239
3.19274
2.66974
2.41034
2.43094
2.4854
2.78535
3.29385
3.15809
3.08441
2.70782
2.43935
2.69712
2.97329
3.18163
3.04235
2.40346
2.94933
2.98729
2.71503
2.34262
2.69868
2.89552
2.75003
2.92785
2.44297
2.96105
3.07238
2.96109
2.98579
2.46584
3.08679
3.02187
2.83372
2.75181
2.64413
2.93046
2.99082
2.86805
3.0392
2.75598
2.99332
2.62515
3.08041
2.77889
2.71432
2.74355
2.74222
2.99082
2.63946
2.86519
2.67217
2.97514
2.76127
2.34562
3.39183
2.98959
3.04931
2.87509
2.98157
2.83755
2.63377
3.10225
2.76212
2.87288
2.92859
3.02414
2.84566
2.46506
2.38771
2.51914
2.78903
2.90167
2.46674
3.11921
2.52558
2.53878
2.8408
2.8476
2.71985
2.71346
3.31584
2.75931
2.87053
2.812
3.01945
3.24288
2.93165
3.23696
2.43021
3.10707
2.70591
2.57804
3.01387
2.64095
2.84226
2.68903
2.80794
2.57486
2.20267
2.7785
2.64587
3.08572
2.857
3.13207
2.85562
2.93572
2.98517
2.51522
3.38966
3.1946
3.07913
2.62925
2.66445
3.14824
3.10229
2.7771
2.74046
2.73863
2.77348
2.39775
3.23057
2.60918
2.80093
2.42715
2.78287
2.60295
2.89935
2.69145
2.84285
2.63605
3.04421
2.4937
3.00327
2.63805
2.9865
2.74571
2.71191
3.38362
2.85766
3.10718
3.03307
3.18252
2.7464
3.02288
2.88412
2.92369
3.0636
3.0122
2.6883
2.94998
2.9183
2.68446
2.89432
3.17126
2.76331
2.34287
3.22252
2.93553
3.04013
2.86991
2.92512
2.70792
2.94562
3.22806
2.72879
3.15249
2.9684
2.84949
2.81625
2.93654
3.12055
3.01063
3.05638
3.32849
3.16799
2.98394
2.89064
2.78281
2.85792
2.84158
3.35649
2.65484
3.01801
2.6316
2.7166
2.86177
2.93181
3.62232
2.80691
2.93944
2.71188
3.07042
3.07516
2.71305
3.08383
3.22771
3.29379
2.34256
3.03203
3.33241
3.49505
3.04706
2.72137
3.19877
2.6755
2.62785
2.72027
2.64273
3.17319
3.21998
3.25502
2.95861
3.15504
3.21847
2.64979
2.87514
3.04648
3.16476
3.06421
2.40997
3.14685
2.59553
2.77966
2.67552
2.49082
2.98164
2.74411
3.03192
3.02085
2.71719
2.98759
2.57134
2.91095
2.87384
2.44657
2.96973
2.60623
2.79633
2.81716
2.44046
3.01759
2.62165
2.68103
2.57351
3.00476
2.87276
2.5123
2.4593
2.75017
3.12516
2.86356
3.06019
3.21563
3.32172
3.14092
2.88122
2.99809
2.76349
3.39742
2.63981
2.67563
2.52579
2.4151
2.98036
2.77952
2.75629
2.74126
2.48704
2.74706
2.65454
2.4608
2.76494
3.30829
2.71404
3.00706
3.00502
2.56408
2.93852
2.5371
2.9407
2.78525
3.21467
2.82754
2.85575
3.01699
2.95135
2.60973
2.7382
2.95109
3.21709
2.98793
2.48256
2.51105
2.76442
2.78253
2.85832
3.16758
3.34516
2.65068
2.89781
3.09123
2.97946
2.62673
2.72517
2.47592
2.93329
3.00036
2.6532
2.76955
2.61949
2.96142
2.47172
2.79686
2.34078
2.87974
3.21251
2.70812
2.94036
3.07449
2.60529
2.56567
2.69662
3.30127
2.65701
2.63877
3.08412
2.64123
2.92613
2.26971
2.92553
2.87338
2.85079
3.1036
2.7464
2.69376
2.84961
3.07932
3.10061
2.82688
3.02994
3.11881
2.99036
2.79904
3.35713
2.94844
2.94037
2.53649
2.7764
2.9107
2.86766
2.74051
2.7818
2.80855
2.70879
2.84631
2.49204
3.56538
2.82658
2.88156
2.70455
2.8378
3.12825
3.13487
2.88818
3.03861
2.83625
2.84446
2.76392
2.96418
2.91777
2.98855
2.84359
2.94501
3.11629
2.56432
2.70232
2.86954
2.99035
2.95416
3.12377
2.72528
3.06791
3.03168
2.92152
2.87983
2.81152
2.77539
2.66942
2.48457
3.03691
2.88522
2.37137
3.2702
2.80564
2.8574
3.12349
2.94646
3.36103
3.1292
2.43624
3.09569
2.76815
3.09709
2.56861
2.65434
2.93667
2.33182
2.83329
2.57791
2.6646
2.49651
2.88477
2.91216
2.89933
3.07979
2.54572
3.02668
2.79152
2.94073
2.78836
3.07663
2.76914
3.02396
3.12448
3.00087
3.51469
2.73446
2.83399
2.9358
2.98588
3.51646
2.83265
2.95703
2.86049
2.78873
2.75067
2.75053
3.0045
2.69144
3.15823
2.42432
2.96763
2.94367
2.89813
2.93858
2.59435
2.81061
2.66586
3.06078
2.60796
2.92446
2.9263
2.47274
2.70686
2.92633
3.08022
3.25465
2.96936
2.95557
2.56498
2.64276
2.8103
2.8206
3.02526
2.86783
2.9696
2.92122
2.98355
3.15313
2.83735
2.95384
3.34375
2.90605
2.70441
2.86927
2.95878
3.03869
2.90787
2.85452
3.08303
3.47807
2.93061
2.84763
2.93043
2.7448
2.55043
2.86754
3.11941
2.2859
2.36505
3.226
3.09824
2.97476
2.72934
2.78152
2.75089
2.91949
2.87094
2.80668
2.87892
3.07739
2.72754
2.87259
2.63068
2.81281
3.08902
2.92913
3.13439
2.96819
2.87131
2.98184
2.91381
3.04988
2.88452
2.89056
2.7243
3.15676
3.18038
2.65661
3.06209
2.67911
3.21204
2.84709
2.88234
2.94822
2.75002
3.02114
2.58419
3.04954
2.62612
2.53542
2.69309
2.6141
3.09999
2.80502
3.09765
2.71772
3.02245
2.7425
2.8079
2.80756
2.47395
3.08602
3.01718
3.17187
2.71807
2.74905
2.98799
2.82753
2.67683
3.24776
2.9024
2.77771
2.8983
2.91105
3.25789
2.89987
2.70349
2.6539
2.82942
2.9036
2.81499
2.72118
2.7667
2.61126
2.67291
2.64296
2.69101
3.13455
2.4315
2.67011
2.46209
2.63582
2.75875
2.92609
2.93498
2.59687
2.90609
2.66481
2.75889
3.0397
2.88887
2.64675
2.8696
2.83987
3.03321
2.92799
2.69025
2.85688
3.08248
2.87709
2.78958
2.92625
2.86216
2.51088
2.92587
2.77626
2.91034
2.83284
2.59365
2.63378
2.91978
2.63101
2.42758
2.74233
2.70901
2.61204
3.16011
2.27261
2.85879
2.50393
2.61288
2.98641
2.78717
2.99813
2.83613
2.87602
2.87504
2.944
3.15113
2.81081
2.63086
2.63305
2.87248
3.05565
2.92879
2.87578
3.10623
2.92519
2.78373
2.69226
2.93254
2.97149
2.47845
2.4807
3.25648
2.95627
2.87687
3.00411
3.12919
3.16508
2.90755
3.01762
2.95338
2.38876
2.76936
2.82242
2.77752
3.17649
2.85482
3.25153
2.51372
2.81007
2.63915
2.89534
3.14038
2.89753
3.11056
2.69089
3.39903
2.75252
2.82111
2.83368
3.37013
2.86639
3.44006
3.11954
2.84948
2.65533
3.08265
3.00228
3.21386
2.66616
3.08705
3.10632
2.99427
2.91603
2.98441
2.59134
2.89269
2.9308
2.99342
2.98175
3.02121
3.07952
2.75107
2.59481
2.89389
2.77708
3.07119
2.93861
2.94192
2.92792
2.72413
2.81889
2.85791
3.08079
2.79437
3.17122
3.41613
2.6406
3.14893
2.94192
2.84304
2.77515
2.74836
3.20561
2.5906
2.7956
3.2021
3.33302
2.80132
2.5909
2.61744
3.1474
2.83654
2.89798
3.19178
2.70293
2.98899
2.71009
2.90592
2.93112
2.28092
2.93566
2.57433
2.68809
3.37149
2.74857
2.88807
2.69621
2.96212
2.57906
2.76393
3.10597
2.88583
2.68566
2.9163
3.16684
2.74161
2.98835
2.91914
2.97532
2.99634
3.05945
2.97947
2.80984
2.99102
2.81911
3.11889
2.97035
2.73248
3.12163
3.24706
3.2617
2.75468
2.92496
2.85408
2.66239
2.83009
2.7655
3.0872
3.02463
2.8154
2.74407
2.69847
3.10913
2.78063
2.65366
3.06097
3.15808
2.80082
2.87256
3.02213
2.46693
2.99081
2.5744
3.34454
2.75679
2.76505
2.8466
2.9501
3.26771
2.91476
3.02596
3.23974
2.66118
2.2542
2.77158
2.91704
2.43683
2.63269
2.95742
2.93009
3.01758
2.71384
2.72583
3.25067
3.02741
2.72151
2.83731
2.73589
3.15733
2.76016
2.58631
2.64095
2.14115
2.72518
2.79979
3.07394
2.57833
2.76585
2.67146
2.64683
3.30138
2.59277
2.98024
2.85937
3.22429
2.80817
3.08009
2.7025
3.24508
3.3498
2.82151
3.05727
2.82339
2.96416
2.77619
2.72915
3.23698
2.92955
2.78961
2.30075
2.8029
2.63914
2.48442
2.66901
2.65207
3.35634
2.65668
3.15299
3.15511
2.4917
2.93131
2.48374
3.18881
2.86064
3.02952
2.8563
2.44066
2.97485
2.83434
2.63798
2.53844
2.79517
3.21107
2.502
3.30878
2.69648
2.6662
2.47488
2.73102
3.02467
3.10291
2.61624
3.2454
3.19561
2.91648
2.66022
3.49611
3.2048
2.93581
3.16534
3.06565
3.27734
2.98105
2.85362
2.94549
2.80958
2.99983
3.0908
3.62549
3.22246
3.1017
3.04228
3.26237
3.1442
2.79151
2.78999
2.83311
3.09761
3.18596
2.64091
3.21805
2.97319
3.24394
3.27808
2.89999
3.0273
3.06221
3.05227
3.26865
3.15363
2.95596
3.20806
2.84375
2.60057
3.24713
3.07501
2.80768
2.93587
2.72055
3.11625
3.11151
2.85422
3.40394
2.74823
2.72966
3.52298
3.12328
2.79543
3.24262
2.86895
2.80635
3.05853
2.84178
2.7687
2.95362
3.16793
3.06942
2.98952
2.86452
3.26129
2.80361
2.94263
2.99593
3.07548
3.38038
3.3914
2.8017
3.30145
3.08803
2.98963
3.02175
3.216
2.82923
3.45078
2.58936
2.93961
3.61893
2.7326
3.06582
3.179
2.6316
2.64703
2.74407
2.20667
3.10279
3.02337
3.182
2.87705
2.49938
2.55435
3.02
2.84853
2.89161
2.84732
2.67963
2.84785
3.20536
2.9875
2.83693
2.91894
3.04852
2.906
2.70503
2.90109
3.11427
2.87999
3.20171
3.15181
2.64317
2.95758
3.60236
3.17435
2.96386
3.24671
2.8333
2.82104
2.83131
3.07565
2.97523
2.84654
3.13488
2.94811
2.55775
2.80103
2.78395
2.52984
2.78476
2.87675
2.98256
2.96653
3.46559
3.16353
2.85896
2.67139
3.31434
3.06041
3.15762
2.86355
2.86804
3.20927
3.35539
2.95529
3.03529
3.1693
3.11077
2.85925
3.04144
3.20124
2.84313
2.83791
2.85891
2.81975
3.28965
3.12849
2.71754
2.99638
3.16952
2.51457
2.93447
3.11383
2.67815
2.88719
3.0366
3.0933
2.79702
2.5816
2.80758
3.21295
3.06896
2.75552
3.25637
2.68667
2.63541
3.25191
3.1288
2.33662
3.26758
3.20148
2.83326
3.02954
3.20185
3.14764
2.63563
2.95172
2.99634
2.85217
3.05186
2.77873
2.72377
2.88629
2.72481
2.82922
2.73671
3.27276
2.64416
3.10438
2.85866
3.05218
3.0168
3.26141
2.78978
3.21668
3.31405
2.68381
2.74561
2.99206
2.93958
3.15032
2.76188
2.91931
3.29381
2.23364
2.83376
2.75385
3.083
2.91359
3.01605
3.04882
2.87386
3.02866
2.90068
3.1248
2.90416
3.42666
2.83241
3.2476
3.03762
2.84659
2.7116
2.86917
2.71625
2.87468
2.58447
3.10888
2.75451
2.91912
3.08894
2.79923
2.51835
2.73763
2.383
3.04126
3.0876
2.50569
2.8396
3.27916
2.8417
2.89613
2.80018
2.52802
3.09465
2.92435
2.27959
2.74262
2.80654
3.26217
2.61371
2.72773
3.03988
3.26848
2.79947
2.76026
3.29402
2.82886
2.72924
2.5914
3.21888
3.22536
2.54388
3.20413
3.18993
2.68931
2.71255
2.88504
3.09345
2.89985
2.97042
3.10086
2.7137
3.27391
3.23172
2.71207
2.73968
2.5325
3.11339
2.7261
2.97249
2.75208
2.65915
2.93001
2.91184
2.74144
3.3182
3.16641
2.99801
2.86457
3.26928
2.83954
2.79713
2.91788
2.80886
3.04568
3.27702
2.90361
2.97422
2.96418
2.92588
2.50205
2.6994
3.13421
2.84638
2.70627
2.42993
2.72636
2.74265
2.53906
3.0752
2.82641
2.83028
3.17364
3.05584
3.15569
2.8385
2.78982
2.92427
3.05521
2.85051
3.04232
2.77323
2.69429
2.65372
2.75946
3.10677
3.15035
2.86589
2.55786
3.02115
2.34589
2.37656
2.89151
3.36675
2.72743
2.95044
3.00868
2.83033
3.05513
2.76736
3.0548
2.6693
2.88031
2.90401
2.92309
3.06803
3.12714
3.12105
2.82113
3.12688
3.34846
2.84864
2.70453
2.94158
3.21525
2.85849
2.88537
2.99812
3.41687
2.96369
2.64605
2.75204
3.029
2.92402
2.85636
3.28604
2.88301
3.07713
2.9865
3.18355
3.42798
2.68578
2.90011
2.8881
2.86356
2.88181
2.91376
2.61032
2.80752
2.75378
3.00025
3.24941
2.99979
2.92091
3.14139
3.00022
3.20417
3.17356
3.1003
3.07383
3.0746
2.70278
3.48651
3.20688
2.93444
2.87489
2.50847
3.10813
3.10512
3.05559
2.6987
3.14687
2.9539
2.98837
3.11442
3.26207
2.84912
3.29444
2.97039
3.42683
2.9971
2.80658
3.19945
2.90481
3.24981
3.14837
3.32086
3.35224
3.45221
3.10726
3.10496
2.98594
3.17938
2.54057
2.93505
3.02547
3.01235
2.95474
3.54905
3.04794
2.83588
3.022
2.63938
2.89175
2.78675
2.82764
3.18115
3.05795
2.78264
2.96885
2.7699
3.0019
2.80969
3.04205
3.1253
2.52796
2.78145
2.47014
3.08001
2.77095
2.88939
2.83419
3.28639
3.35625
3.14666
3.05499
3.06979
3.25483
3.29627
2.71249
3.04798
2.75576
2.90796
2.4833
3.33444
3.00622
2.51957
2.52421
3.46026
3.03046
2.68707
2.90475
2.8085
2.51337
2.74346
3.2223
3.12775
2.8222
2.79853
2.87228
3.08882
2.99582
2.9245
2.7619
2.77351
3.27982
2.93961
3.0463
3.28987
3.38741
2.63282
2.86819
3.26054
3.06889
2.73657
2.707
2.74415
3.02253
3.16536
2.93655
3.00522
3.14189
3.05457
2.62617
3.04649
2.8095
2.66357
3.07717
2.83087
2.83474
2.91592
2.89877
3.54649
2.6525
2.64321
2.63527
3.2004
3.04596
2.68177
2.98567
2.95063
3.10128
2.84577
3.0962
3.01191
3.01635
2.94107
2.70784
2.87952
3.15426
2.93152
3.20834
3.27073
3.01263
2.91774
2.90211
2.98749
3.27599
3.10492
3.40176
2.55688
3.21284
3.03021
3.00866
2.73235
2.90287
3.43509
2.62472
2.71216
3.02332
2.85176
3.31395
2.61243
3.08096
2.87641
3.17509
2.74537
3.25775
2.61169
2.66885
2.7476
3.01518
2.7474
3.28027
3.19356
2.86554
3.00653
2.78505
2.9712
3.051
3.03809
2.91357
2.99122
3.02693
3.07849
3.11754
2.6437
3.11236
2.90949
2.51788
2.58082
3.3085
2.87106
2.83127
2.8076
2.74849
2.8784
3.00142
2.79814
2.66772
3.03265
2.78238
2.93371
2.60382
3.08578
3.4615
2.55151
2.77641
2.49657
2.76184
2.98975
2.68668
3.13855
2.76948
2.77544
2.72341
2.58246
2.51859
3.29065
2.9429
2.94383
2.77726
2.74233
2.68243
3.01948
3.18049
2.54353
2.66859
2.78784
2.64179
2.73872
2.3952
3.22347
2.84246
2.88895
2.8816
2.72999
2.81583
3.27408
3.03299
2.51227
2.95794
2.81769
2.47477
3.03729
2.82915
2.78929
2.76478
2.86671
3.1682
2.93244
2.85548
2.93266
2.87884
2.70677
3.13619
2.67132
2.67733
2.4687
3.06079
2.74851
2.99494
2.39209
2.95913
2.74975
2.96868
3.01229
2.95024
2.85612
2.7727
2.92084
3.15073
2.76688
2.59808
3.00561
2.90698
3.21035
2.8274
2.38552
3.24356
2.41373
3.35254
2.69468
2.91684
2.85153
2.99581
2.75889
2.75463
3.31573
2.93466
2.82776
3.19034
2.87678
2.90114
2.94672
2.83504
2.76369
2.69724
2.98537
2.82248
2.65192
2.77563
3.08346
2.94045
2.72629
3.17174
2.9073
2.79214
2.74049
3.21633
3.12622
2.78224
2.60312
2.69103
2.96852
3.04077
2.58735
2.893
2.59869
2.32552
2.77529
2.85406
2.85546
2.5075
2.56671
2.42792
3.41625
2.91248
2.73258
2.7021
2.67797
2.75087
2.72757
2.93176
2.92794
2.66624
2.97021
2.6697
2.97112
2.99883
2.81742
2.67932
2.8926
3.08209
2.72065
3.06983
2.69068
2.9507
2.6892
2.8955
2.65512
2.69025
2.94763
3.00254
3.04789
3.1365
2.90277
2.96107
2.59836
2.73064
2.63134
2.91508
2.54974
2.83542
2.60127
2.9847
2.8052
2.92772
3.06043
2.56143
2.86122
2.72941
2.78775
3.06343
2.839
2.92257
3.12695
2.832
2.98168
2.4531
2.50083
2.97145
2.94484
2.72236
2.4827
2.82272
2.73252
2.84752
2.62875
2.99433
2.46614
2.42061
3.20252
2.66884
2.61936
2.71664
2.81412
2.75564
2.84232
3.01732
2.99831
2.74104
3.04077
3.18028
2.77269
2.7045
3.12907
3.09285
2.6194
2.9289
3.14932
2.91907
2.9734
2.75644
2.69276
2.85644
2.36661
2.97327
2.91607
3.02508
2.86007
2.83994
2.99337
2.58986
2.90335
2.42873
3.20063
2.74511
2.29526
2.63397
2.32288
2.92372
2.77681
2.76541
2.89342
2.95581
2.86989
2.78042
2.79922
2.46396
2.88866
2.42698
3.26414
2.56794
2.86211
2.73462
2.4248
2.94017
2.85206
2.68868
2.87521
2.67663
2.67008
2.59462
3.27503
2.88813
2.83331
3.18282
2.88139
2.9498
2.50809
2.88362
2.35392
2.7452
3.1285
2.96184
3.03977
2.66042
2.82551
3.0334
3.0432
2.69389
2.72004
2.81945
2.93051
3.26847
2.93792
3.07989
2.89619
3.04465
2.88138
2.85201
2.90357
2.99299
3.17855
3.06367
3.1443
2.94494
3.06805
2.51653
3.07772
2.78003
2.52157
2.70021
2.98227
2.52454
2.80486
2.60517
2.60339
3.08143
2.88134
2.81817
2.66171
3.034
2.89058
2.7491
2.56884
3.10243
2.78501
2.89598
2.8621
2.72033
3.0288
2.78163
2.91309
3.22377
2.8825
2.55423
3.0116
2.80946
2.99346
2.6704
2.93625
3.23353
2.80474
3.07259
2.7496
2.88502
2.60755
2.66366
3.1818
3.03299
3.20958
3.07646
3.09882
2.96502
3.478
3.09918
3.0817
3.43067
2.87244
3.22265
2.92952
3.37999
2.84063
2.7846
3.16585
3.18081
3.05606
2.72105
2.89476
3.05701
2.30004
3.16376
3.39099
3.37889
2.53831
3.48751
2.90379
3.17523
2.91024
2.73569
3.3484
2.79347
3.26379
2.96604
2.74678
3.62613
3.51238
3.20158
2.79167
2.78744
3.55183
2.28587
3.40439
2.61728
3.13544
2.68434
3.34657
2.93921
3.23994
3.28697
3.24663
3.32384
3.64826
2.86813
2.34537
2.97083
2.94631
2.68311
2.76661
2.70119
2.41748
2.91267
2.85487
3.17746
2.69976
3.3023
2.90594
2.76075
2.78668
3.27469
3.20016
2.75872
2.98261
2.96797
2.7329
2.69237
2.75055
3.01174
2.75072
2.87442
2.76576
2.80776
2.96793
2.34469
2.58862
2.52929
3.18268
2.76322
3.10361
2.80823
2.79953
2.71429
2.53054
3.09631
2.69627
2.8114
2.6763
2.58655
2.87592
2.83188
2.7952
2.88678
2.93463
2.87565
2.68425
2.74135
2.45397
2.76996
2.75923
2.80559
2.86528
2.89244
2.84139
3.02386
2.89141
3.1988
2.97789
2.8987
3.20778
2.71237
2.86633
2.7948
2.99586
2.86312
3.38192
2.48846
3.02832
3.38552
2.69386
2.77662
2.51156
2.88918
3.10524
3.31358
3.29231
2.8463
2.96733
2.85767
2.52545
3.00661
2.9028
2.88189
2.40125
2.66693
3.17505
2.49953
2.82616
2.57696
3.37396
2.88729
2.95106
2.85818
3.10967
3.15257
2.58472
3.10945
2.95703
3.01835
2.7283
2.99715
2.83708
3.16611
2.91482
3.14398
3.24657
2.73664
2.74176
3.00749
2.82975
2.95901
2.8618
2.99206
2.81921
2.734
2.8669
2.88562
2.90082
2.9262
3.20608
2.97753
2.41444
3.0076
2.87654
2.62799
3.29034
2.86349
3.04686
2.94779
2.96574
2.81467
2.72749
2.83048
2.71914
3.24584
2.94022
2.93531
2.89262
3.12446
2.91883
2.78722
3.04626
2.76683
2.7065
2.56082
2.69419
2.96894
2.8773
2.88525
3.11537
2.80838
2.57086
2.69438
2.42663
3.0453
2.87479
2.50568
2.77856
2.6161
2.91936
2.66637
2.62307
2.64751
2.57488
2.77615
2.75347
2.79766
3.16241
2.39305
2.6771
2.62391
3.00792
2.69529
2.78979
3.10398
2.6512
2.56918
3.05883
3.0895
2.79104
2.63533
2.57188
2.77355
2.84378
2.99936
2.97103
2.69146
3.04578
2.86252
2.77079
2.99579
3.04453
3.43567
3.04672
2.61593
2.97886
2.70241
3.25532
2.8747
2.82846
2.71909
2.66359
3.05086
3.37226
3.08684
2.97135
2.7964
2.67396
2.8127
2.94894
3.20004
2.99839
3.11327
2.41252
2.71007
3.0034
2.95901
2.82537
2.70445
2.9732
2.96911
3.07566
3.28046
3.32031
2.73524
3.09835
3.28258
3.09641
2.77906
2.77888
2.86098
2.77091
2.64751
3.0124
3.06058
3.10024
3.04929
2.44676
2.74676
2.85441
3.06209
2.74398
2.62499
2.78109
2.69819
2.69882
2.85891
2.78614
2.81992
2.35806
2.97876
2.76907
2.94444
2.9599
2.68525
2.76301
2.39807
3.08948
2.83589
2.66562
2.89338
3.20891
2.90754
2.68218
2.60111
2.83036
2.62668
2.24204
2.88915
2.67589
2.48418
2.9711
2.73787
2.922
2.44165
2.77956
2.39293
2.76666
2.99099
2.56366
2.81518
3.13509
2.88656
2.68521
2.71056
2.90659
3.24311
2.71747
2.8553
2.49144
2.84341
2.61416
2.64906
3.07619
2.75528
2.72948
2.60659
2.90078
2.78995
2.62969
2.68518
2.81996
2.94863
2.80249
2.9223
2.54506
2.95279
2.73636
2.95498
2.7633
2.97564
3.27042
2.85772
2.51603
2.96904
2.8751
2.89383
2.95027
2.85334
3.12816
2.92517
2.82082
2.87592
3.1101
2.81355
2.50104
3.08087
2.9643
2.42927
3.03112
2.99778
2.8839
2.98542
2.8217
2.64156
2.922
3.04318
2.79761
2.81192
3.21917
3.09254
2.89273
2.63049
2.70915
3.20055
2.7686
2.93913
2.71102
2.64053
2.97986
3.25341
2.70884
3.00151
3.02082
2.63143
2.75266
2.94346
2.86314
2.79926
2.99436
2.6481
2.8639
2.82062
2.81882
2.71552
2.7748
2.36469
2.62459
2.92803
2.72062
2.88462
2.76847
3.12816
2.61017
2.50071
2.78744
2.76242
2.47301
2.37376
2.51591
2.42937
2.28911
2.553
2.55616
3.07474
2.42904
3.05211
2.90212
3.06217
2.54917
2.68204
2.85969
2.62362
2.8808
2.40498
2.67289
2.93304
3.26858
2.4917
2.84476
2.32164
3.30613
2.34703
3.04678
2.41801
2.57629
3.09866
2.70139
2.60754
3.08822
3.02076
2.74263
2.81192
3.18248
2.92953
2.62964
2.58035
2.81862
2.66962
3.1396
3.14436
2.75347
3.12609
2.89117
2.84656
2.88884
2.97678
3.16317
2.91618
2.82118
2.71334
2.67949
2.75624
3.14353
2.63097
2.70851
2.6815
2.64424
2.49787
3.10609
2.88066
2.44567
2.869
2.70211
2.98702
2.69819
2.29568
2.94659
2.52308
2.65808
2.67255
2.56068
3.28224
3.06039
2.94814
2.44416
2.48436
3.22916
2.6226
2.9213
2.58868
2.89281
3.28758
3.24243
2.74423
2.99204
3.11707
2.93569
3.25064
3.27803
2.46198
3.13491
2.61233
2.94355
2.98286
3.0843
3.28764
2.94441
2.82777
2.61865
3.00162
3.16201
2.6133
3.05504
2.94642
2.37379
2.84958
3.1261
3.28812
3.03701
2.93286
2.96617
2.65386
2.62654
2.62893
3.12218
2.825
2.96785
3.16662
2.86162
2.97802
3.08778
2.75945
2.94161
2.73255
2.99419
2.82902
3.22424
3.04768
3.03059
2.80254
3.1565
3.22455
3.10261
2.87987
2.86097
3.04193
3.17492
3.08455
2.8445
3.06833
2.99474
2.55157
2.8845
3.30895
2.67465
3.07742
2.67775
2.78439
2.73621
2.67892
2.45002
3.11224
2.9436
2.47407
3.2684
3.17334
3.08751
2.66885
3.22821
3.12446
2.8433
3.04848
2.68027
3.07885
2.46416
2.8304
2.59822
2.95839
2.59243
2.62035
2.95318
3.00444
2.83377
2.9029
2.47466
2.97071
2.70086
2.99804
2.8741
2.61657
3.10367
2.70956
2.49006
2.67981
2.30222
3.54232
2.69877
3.03003
2.61054
2.75368
2.85386
3.08447
2.96499
2.83106
2.79753
3.0646
2.97317
3.20411
2.87067
3.17141
3.12444
2.5391
2.72389
2.72351
2.80558
2.58329
3.05316
3.10578
2.87278
3.2862
2.87551
2.66482
2.79154
3.01193
2.98441
2.74033
2.92943
2.57004
2.78262
2.92334
2.69348
3.07574
2.73941
3.07114
3.31157
2.83758
2.96793
3.10353
2.9166
2.89461
2.80982
2.95656
2.67707
3.39633
3.17439
3.30746
2.82487
3.09928
3.31834
2.75574
3.07045
3.33643
3.15701
3.30736
3.14439
2.64764
3.0618
2.9207
2.76849
2.50422
2.95311
2.77202
3.3476
2.9932
2.85455
2.92056
2.89394
3.0765
2.97961
3.24474
2.93387
2.8942
3.06381
2.7242
2.78367
2.60641
3.0657
2.83896
2.81141
2.72667
2.37118
2.6459
2.58829
3.28381
2.62827
2.77526
2.54329
2.77953
3.23251
2.67873
3.1245
2.96338
2.56231
2.58518
2.87306
2.59009
2.70591
3.19508
2.88538
3.23793
3.12453
2.91396
2.90434
2.6349
2.37673
2.92585
2.83694
2.76758
2.50015
2.52329
2.81307
3.1038
2.87952
2.90144
3.05217
3.3863
2.77683
3.32032
2.70554
2.98018
2.9392
2.88594
3.26725
3.20293
2.75363
2.91166
3.15307
3.48922
2.69311
3.36617
2.61945
2.80404
3.10481
2.9408
3.4633
2.7117
2.86907
2.65758
2.58901
3.25474
3.14949
2.43584
2.65542
3.51918
2.82059
2.79053
3.10511
3.11398
3.15701
2.7055
2.94309
3.64312
2.56658
2.92403
3.09233
3.41658
3.19466
3.06113
3.06075
2.93816
3.25669
3.05454
3.38014
3.16675
2.93228
2.82794
2.78231
3.36515
3.24394
2.86244
3.16307
2.79701
3.18418
3.12161
2.88114
2.99682
3.08708
2.75265
2.77509
3.20501
2.83
2.83995
2.86712
2.66923
2.7302
2.76221
3.14861
2.9294
2.92242
2.96965
2.73375
2.7995
2.8639
2.77511
2.67142
2.94818
3.29017
2.7173
2.7263
2.8622
3.12429
3.27676
2.90577
3.05981
2.73105
2.82114
3.04411
2.92778
2.86534
2.62121
2.72219
2.64076
2.6139
2.89426
2.8308
3.072
2.79842
2.83091
3.10668
2.95962
3.09173
3.17577
2.85365
2.92918
2.85033
2.7342
3.2581
2.78907
3.37464
3.0122
2.82513
2.70854
3.00024
2.63033
2.69093
2.75863
2.6847
3.14528
3.07513
2.8527
2.8381
2.94589
2.76851
2.60188
2.90258
3.16618
3.03282
2.86022
2.66983
3.03768
2.84533
2.75931
2.73774
2.88124
2.92054
3.2691
2.86254
2.90989
2.78938
3.01724
3.09502
2.78198
2.99065
3.06668
2.85554
3.29992
2.64291
3.13949
2.91021
3.14809
3.03491
2.94393
3.26549
2.74736
2.55169
2.59179
2.76498
2.67003
2.4788
2.98045
2.56644
3.04977
2.62926
2.90285
3.26097
3.10814
2.67044
2.7699
3.1409
2.76166
2.93932
2.77882
2.48219
2.77787
2.89873
2.99551
2.87962
2.53973
3.24261
2.44175
3.05333
2.57221
3.0895
2.79612
2.79878
2.71809
2.83091
2.92194
3.08475
2.7532
3.36533
3.05718
2.92124
2.96548
2.94211
2.8266
3.2028
3.17656
2.62613
2.94326
3.065
2.90389
2.79224
2.89697
3.08303
2.77601
2.91236
3.07285
3.10216
2.70023
2.61494
3.08791
3.2907
3.06408
2.80834
2.97598
2.45925
2.60194
2.80405
3.06121
3.03196
3.33576
3.18772
2.88588
3.09264
3.18448
2.80638
2.48815
3.10176
3.03124
3.16222
3.15593
3.10361
3.0279
3.24365
2.78054
2.80095
3.37227
2.83708
2.94845
3.08343
2.93281
3.05791
2.90479
2.48599
2.63081
3.41549
3.71349
2.89693
3.23111
2.69908
2.7532
3.13706
3.10136
3.22221
2.85006
2.98323
3.05178
2.65988
2.98003
3.06463
2.64539
2.49812
2.96668
3.11796
3.25087
3.44135
3.43035
3.30252
3.04516
3.50245
3.28122
3.02718
2.71534
3.33578
3.21645
3.42481
2.83024
2.95614
2.79701
3.16128
2.68798
2.88421
2.9284
2.8528
2.81918
2.90955
3.20595
2.7446
2.91974
2.94022
3.12698
2.7822
2.56531
3.12308
2.6526
2.39274
3.02054
3.21584
3.18179
2.67113
3.04146
3.08653
2.76836
2.79275
3.0718
2.83481
2.57066
2.78129
3.02156
2.42872
3.34204
3.11012
3.08777
2.97657
2.65318
3.4248
2.61754
2.67135
2.68245
3.24432
2.99269
2.90936
3.10061
2.97239
3.06095
3.05719
2.71048
3.18477
2.60834
3.46035
3.16353
3.16882
2.94395
2.9301
3.26197
3.21225
3.14826
3.18655
3.24397
2.98768
2.79692
3.22145
2.91441
2.93428
3.12056
2.90558
2.86269
2.8662
3.2015
3.04556
2.82722
2.83305
3.23608
2.92104
3.32435
3.33103
3.29469
2.8394
2.97176
3.57657
2.59309
2.96219
3.26542
3.27731
3.13167
2.97342
3.20619
3.11532
3.4193
2.92315
2.93398
2.93119
2.87255
3.23529
2.81898
2.54962
3.07406
3.25497
2.82759
2.82559
3.34681
2.93515
2.51293
2.99779
2.96235
3.15537
2.77509
2.94993
3.08881
2.68583
3.19613
2.98118
2.85812
3.00569
3.26016
2.68972
2.79459
3.26148
2.98463
2.92468
2.50961
3.32429
3.10847
3.07989
2.85603
2.75973
2.73465
3.04588
2.31147
2.60453
2.86861
2.78929
2.63342
2.99241
2.99014
2.63246
3.23083
2.64422
3.04901
3.03454
3.41349
3.13883
3.13372
2.9473
2.7636
3.12221
3.08424
3.19501
2.65105
2.91599
2.90835
2.49064
2.75156
2.56035
3.21688
2.69176
2.77344
2.78734
3.18629
2.70526
2.90731
2.95544
2.76405
3.15178
3.05921
3.2646
2.97008
2.73895
3.2271
2.66521
3.04011
3.15539
3.09976
3.29333
3.08258
2.98773
3.1419
3.0786
2.92042
2.84513
2.85305
3.09991
2.93793
2.75119
2.88442
2.73243
2.42936
3.07113
3.1287
2.79882
3.23823
2.95069
2.70369
3.06185
2.97301
3.20902
3.31022
3.37706
2.78442
2.66577
3.45294
2.98743
2.69957
2.8184
2.60355
3.28977
2.63264
2.86896
2.89716
2.97456
2.85881
2.90754
3.0266
3.03768
2.69227
2.66567
2.93855
2.70846
2.92412
2.63645
2.95154
2.79972
2.48439
2.60276
2.44132
2.21993
2.79495
2.36081
3.40424
2.73693
2.9358
2.66696
2.38548
2.77937
2.88426
2.68151
2.76232
2.75317
2.74697
2.67089
2.95128
2.94873
2.9476
2.54528
3.07963
2.65878
2.48095
2.69744
2.8048
2.81222
2.78234
2.66062
2.81858
2.7453
2.84246
2.81361
3.03061
2.86042
2.43507
3.04859
3.412
2.93512
3.09951
2.61624
2.51704
2.70878
2.90628
3.02824
2.62489
2.60511
2.76631
2.83015
3.04586
2.87974
2.5585
2.76388
2.87349
2.82381
2.83653
3.16003
3.63781
2.87788
2.81927
3.15248
3.18442
2.75093
2.63774
2.89816
3.16673
3.29715
3.03689
2.99025
2.95191
2.97476
2.72139
3.06922
2.73519
3.07028
2.74039
2.81661
3.0815
3.0635
2.46242
2.96947
2.68481
3.2532
2.72039
2.84413
2.61218
2.95512
3.51851
2.66524
3.401
2.97414
2.76684
2.97691
2.78848
2.92039
3.22701
2.97021
3.05285
2.85445
3.4035
2.67498
2.95426
2.40505
2.86937
2.8982
2.47827
3.03583
3.31313
2.85299
3.1742
2.73884
3.22062
3.00598
2.71529
2.84828
3.17326
2.94088
3.10103
2.74526
3.13369
3.09603
3.40818
3.13689
3.37495
3.1042
3.05802
3.38766
3.03275
2.90446
3.19216
2.79809
3.2964
3.08504
2.93234
2.93992
2.98658
3.55462
2.70253
2.93347
2.50231
2.64028
3.35876
2.68178
2.58739
3.42285
3.05331
3.08736
2.88977
3.10297
2.86682
2.74595
2.59862
2.18365
2.60143
2.63465
3.44553
2.56178
2.7511
2.5383
2.89651
3.30066
2.78191
2.60877
2.46853
2.97961
2.55197
2.38064
2.76658
3.03654
2.83212
2.67295
2.62853
3.31903
2.12883
2.86039
2.51308
2.96121
2.91819
2.923
2.85236
2.9666
2.88105
3.13026
3.14528
2.99335
2.81039
2.73898
2.66472
2.46219
2.70592
3.22816
2.96193
2.96738
3.1691
3.31561
2.63353
2.91802
3.05589
3.01188
3.32906
2.57888
2.82004
2.9377
3.03258
3.30303
3.31649
3.04364
3.29255
2.40551
3.12504
2.87811
3.25073
3.08002
3.25617
2.99487
3.19498
2.8273
2.96777
3.03882
2.96679
2.97462
2.5169
2.77236
2.66721
3.3191
2.57869
2.95907
2.9763
2.60836
2.65084
2.70848
2.943
3.04479
3.11504
2.23514
2.3988
2.82451
3.1205
2.83245
2.61675
2.72756
3.30808
2.53244
2.94774
2.86776
2.92724
3.11622
3.07864
3.02754
2.7771
2.94589
3.19624
3.20318
2.79751
2.76989
2.85924
2.56746
3.18391
2.42637
2.7077
2.34143
2.47032
2.85858
2.55194
2.88945
2.28968
2.57092
2.69557
2.39101
2.82464
3.07205
2.98613
2.84957
2.88383
3.02141
2.27863
2.84494
2.366
3.10523
2.547
2.48989
2.46107
2.97684
2.76348
2.897
2.67268
3.11971
2.82164
2.73515
2.85566
2.57669
2.81783
2.88616
2.7902
3.07691
2.69734
2.73999
3.19627
3.0262
2.46293
2.58987
2.87992
2.97738
2.79436
2.70641
2.69372
3.24782
2.78382
2.80205
2.73762
2.80333
3.0973
3.12152
3.00294
3.24193
2.70102
2.80334
3.06729
2.95071
2.77465
3.27161
3.24785
2.65245
2.86611
2.80192
3.15281
3.18753
2.95002
3.13332
2.93378
2.67552
2.71672
2.56674
2.63684
2.99139
2.87093
3.23343
3.14924
2.6335
2.81521
2.76788
2.92416
2.95517
2.61225
2.7459
2.80675
2.29989
2.70707
2.98584
3.04198
2.95129
2.79471
2.86718
3.22333
3.4368
2.70881
2.93981
2.8074
2.93626
2.86066
3.21523
3.09675
3.603
3.02374
3.03904
2.86928
3.06623
3.55091
3.13103
3.22763
2.89633
3.30348
3.52731
3.1638
2.90471
2.95389
3.18661
3.03307
2.90837
3.43652
2.94097
2.74594
2.95822
2.74103
2.69381
2.3084
2.39429
2.31841
2.53839
2.55133
2.73662
2.93867
2.86982
2.568
2.41829
2.41453
3.27187
2.73254
3.05958
2.45032
2.51975
3.14043
2.98656
2.8774
2.98533
3.34325
2.92657
3.0559
3.16808
2.71701
2.88683
2.98061
3.19588
2.83379
2.86866
2.61115
3.08267
2.62723
3.04577
2.51641
2.94231
3.09012
2.73367
3.24566
3.0828
2.96178
2.68634
2.70099
3.17335
3.1297
2.79478
2.84342
2.80076
2.70262
2.96725
3.12514
3.33264
2.66681
2.779
3.17944
2.6795
2.87725
2.76959
2.81906
2.60663
2.78741
2.69173
3.00063
3.06833
2.80813
3.26029
3.25458
2.4843
2.71095
2.63194
3.17168
2.87908
2.84086
2.92289
2.60517
2.77644
2.96854
3.2991
2.80196
3.0963
3.20566
2.591
2.94338
2.92023
2.79035
3.00094
2.54905
2.85289
2.68053
3.12535
2.50607
3.22753
3.13554
3.01071
2.93331
3.0168
3.18811
2.81768
2.69166
3.06056
3.0484
2.55724
2.91398
2.99216
2.52582
2.73867
2.87898
3.05927
2.72156
2.98789
2.76429
2.9177
3.20456
3.19854
3.01083
2.84962
2.9016
3.15557
2.65464
3.21181
2.77873
3.19988
3.02766
3.24902
2.92612
2.90321
3.14928
3.02991
2.90322
3.39403
2.97159
3.35375
2.56169
2.75362
2.8259
2.98527
2.73254
3.0655
2.52044
2.68141
2.73475
3.06238
3.00146
2.98818
2.41003
2.71012
2.78166
3.06251
2.90954
2.89533
2.77416
3.11182
3.06184
2.97303
2.84233
2.61355
2.9852
2.63024
2.75387
3.24542
3.01499
3.03942
2.81048
3.36445
3.2379
2.81331
2.80502
2.92455
3.33442
3.63028
3.0939
3.37003
2.82435
3.14177
2.68493
3.14382
2.91718
3.02852
2.33289
3.02301
2.94244
3.03125
3.0312
3.04431
2.98267
3.01989
3.45741
2.74602
2.7852
2.81373
3.01775
3.06229
2.92551
2.78856
2.93448
3.33008
2.89372
2.76703
3.35458
2.83066
3.05312
2.74524
2.90543
2.87317
3.20437
3.09393
3.22735
3.22147
3.04317
2.81666
2.7451
2.90503
3.224
2.95476
2.74655
3.00979
3.24626
2.89238
2.70508
3.36655
2.82883
2.54233
2.50394
2.84532
3.0047
2.56722
2.9801
2.78246
2.43742
2.62665
2.46793
2.92956
3.01708
3.0395
2.99756
2.60194
2.94576
2.79179
3.02706
2.93976
2.95095
2.82481
2.80373
3.1397
2.51589
2.65011
3.20261
1.88359
2.97088
2.54988
3.24365
2.84946
2.94736
2.88774
2.92142
2.66514
3.3578
3.03855
3.08611
3.00696
2.75374
3.09499
3.36399
3.35858
3.35602
2.84824
3.01543
2.97838
3.1446
2.86176
3.05923
3.19271
2.78431
2.52452
3.40342
3.37125
3.18447
3.24279
3.08705
2.74487
3.09269
3.24573
3.02728
3.10443
3.14679
3.11888
3.07175
3.10736
2.95365
2.59876
2.65318
2.88659
3.21798
2.98004
2.75034
2.82973
2.49414
3.34012
3.08151
2.94599
2.5241
2.33055
2.83695
2.82229
3.03441
3.01262
2.99055
2.91802
3.23757
3.00901
3.10723
2.76131
2.9381
2.61336
2.92964
2.49558
2.76173
3.01907
2.85478
2.96613
2.94232
2.96191
2.81225
3.28641
2.81633
2.72025
3.83863
2.64301
3.25679
2.791
3.06688
2.86207
3.42346
3.02336
3.27815
3.48164
3.41593
3.2585
3.64198
2.71471
2.9907
2.93458
2.78112
3.17408
2.94184
3.45956
3.13926
2.97523
2.86404
2.81451
2.76578
3.21012
3.11904
2.9631
2.67002
3.14128
2.57442
2.97579
2.72962
2.80471
2.73469
2.97173
2.73404
2.89601
2.91391
2.67263
3.16899
3.01776
2.72333
2.98724
2.89036
2.84016
2.64616
2.69325
2.93472
2.83724
2.54934
2.78951
2.61481
2.76184
3.16065
2.8685
2.90024
2.87034
3.24921
2.91077
3.11045
2.86245
2.75229
2.94596
3.09203
2.73678
3.24643
3.09109
2.93415
3.00388
3.25737
2.84211
2.54104
3.22822
2.82068
3.25236
2.97924
2.91089
3.03096
2.78172
2.80537
2.93518
2.85483
2.91141
3.13401
3.0343
2.75034
2.72294
3.40692
2.65268
2.56584
2.9085
3.31314
2.8721
2.83103
2.83155
2.84541
2.57179
2.88223
2.39604
2.68271
2.75663
3.00394
2.77567
3.20829
