9.00216
9.31632
8.85946
8.76604
9.20229
8.75694
8.84151
9.21056
8.75554
9.19994
8.88867
8.64924
8.91304
8.59724
8.99388
9.36705
9.32425
8.96199
9.06592
9.06703
8.97269
9.27776
9.06748
9.34868
9.3253
8.78762
9.48757
9.00296
8.89756
8.62509
9.1964
9.13736
9.00697
8.77397
9.07521
9.09988
9.24526
9.34426
9.01615
8.82839
9.28411
9.14499
9.11725
9.16605
9.07573
8.71086
9.38302
9.61258
8.97187
9.47087
9.09329
8.74734
9.18807
9.14458
9.34659
8.91715
9.42359
9.31777
9.37199
9.20412
8.96169
8.7463
9.12734
9.16464
9.05577
9.28359
9.03519
9.18315
8.9706
8.8703
8.90246
9.34158
9.57027
9.30415
9.18325
9.23261
9.28123
8.86112
9.32205
8.72411
9.03266
8.8706
9.02512
9.30642
9.07114
9.08688
9.18336
9.05594
9.13373
8.92697
9.16351
8.83455
9.24018
9.17354
9.21882
8.94482
9.27321
8.88112
8.82072
8.94235
9.20214
9.37471
8.86556
8.93753
9.07908
8.88416
9.04893
9.17963
8.6875
9.20582
9.14255
8.67638
9.1673
9.31247
9.0097
9.07954
8.85229
9.15843
9.19816
8.97552
9.13404
8.82364
9.25787
9.37808
9.52144
9.10203
8.8639
9.15873
9.02507
9.29015
8.9775
9.0483
8.96921
9.24046
8.96302
8.77547
9.02551
8.87847
8.83389
8.62952
9.06267
9.20558
8.94674
9.1811
9.15415
9.10624
8.81388
9.11887
9.40156
8.50349
9.12806
8.63237
9.18427
8.96828
9.36098
9.42345
8.95482
9.47358
9.39058
9.15988
9.0345
8.90261
9.07466
8.98084
9.3295
9.16282
8.76941
8.74802
8.87102
9.43178
9.24675
9.05555
8.9903
9.11768
8.9609
8.98254
9.19711
9.08027
9.22697
8.92045
9.32749
8.92592
9.12105
9.33161
9.13147
8.76078
8.94661
9.21397
9.08691
9.05316
9.3762
9.26257
9.02899
9.24347
9.38693
9.30925
8.65792
9.01356
9.19113
9.04102
9.23208
9.07391
9.28838
9.22245
8.95415
9.46455
9.21602
9.36636
9.19661
8.83326
9.1195
9.45846
8.87883
9.32072
8.94198
9.53758
9.18426
9.62206
8.96311
9.18533
9.2349
9.50811
8.87562
9.58216
9.11567
9.34488
9.50366
9.41313
9.42823
9.2633
9.05678
8.98178
8.98806
9.02161
9.42965
9.38515
9.29092
9.2932
9.30064
9.08023
9.20817
9.55286
9.5869
9.36089
9.19405
9.55153
8.87279
9.30152
9.64155
9.40548
9.19627
8.95453
9.4629
9.44686
9.21891
9.38115
9.64389
9.32972
9.42413
9.64759
9.29172
9.1199
9.35767
9.23503
9.2916
9.24968
9.48678
9.15112
9.21111
9.44505
9.71312
9.37178
9.02286
9.1024
9.41086
9.32865
9.16489
9.15648
9.73822
9.03544
8.84236
9.19151
9.24038
9.50483
8.91331
9.16388
9.23508
9.27896
9.30962
9.69707
9.51303
9.34306
9.1426
9.14767
9.32335
9.27374
9.22545
9.11987
9.28104
9.24211
8.96372
9.23247
9.0634
9.1737
8.95259
8.60119
9.51984
8.94651
8.64984
9.12317
8.93663
9.51657
9.15638
9.42394
9.30291
9.18535
8.92788
9.27592
9.36671
9.03705
8.80939
9.14647
9.58558
9.30391
9.0076
9.22875
8.91003
9.27241
8.85829
9.17426
8.97171
9.27007
9.31616
8.98752
8.93954
9.10928
9.00619
9.33498
9.45278
8.69847
9.41476
9.21545
9.06771
9.46362
9.21324
9.48846
9.23816
9.14772
9.56374
9.05742
8.61656
8.99825
8.97523
8.89951
9.21992
9.30519
8.93718
9.10799
9.46624
8.76433
9.46015
9.12024
9.01204
9.36946
9.5909
9.28193
9.04521
8.92998
9.05275
9.21439
9.54864
9.1872
9.20337
9.4291
9.49545
9.31611
9.49818
9.29019
8.929
9.07382
9.40421
8.92899
9.31077
9.15091
9.27222
9.1843
9.00387
8.89924
9.40112
9.2383
9.00176
9.1282
9.2082
9.32298
8.85055
9.36343
9.52559
9.32868
9.1905
8.95749
8.78738
9.48133
9.39999
8.98842
9.56312
8.85222
9.47725
9.24803
9.34498
8.76174
9.28157
9.1588
9.68838
9.12477
9.21147
9.19422
9.1132
9.47466
9.4039
9.224
8.83607
8.79265
8.9708
9.2427
9.38742
9.05883
9.06127
8.87537
9.14027
9.06539
8.87772
8.90129
9.79072
9.17987
9.19267
9.30877
9.01398
9.13491
9.56999
8.93429
9.27223
9.43895
9.01814
9.47012
8.91594
8.92487
9.19464
9.0466
9.0306
8.94407
9.31583
9.28391
9.1809
9.51536
9.3117
9.55693
9.2901
8.96491
9.4892
9.16275
9.05895
9.59019
9.3917
9.05551
9.39194
9.14145
9.40199
9.1641
9.09349
9.53691
9.1972
9.22725
9.30666
9.10472
9.21882
9.33416
9.16962
9.36858
9.80803
9.65871
9.24707
9.36613
8.83807
8.9464
9.48913
8.45024
9.19331
8.86205
8.91108
9.37198
8.94297
9.22778
9.08726
8.88484
9.06706
9.14525
9.12753
8.96223
9.28181
9.46309
9.37084
8.76873
9.39574
8.79309
9.08073
9.4603
9.43229
9.27503
9.60597
9.20864
8.91123
9.63045
9.04677
9.21424
9.27115
8.90169
9.18168
9.69251
9.43593
8.99744
9.25157
9.21912
9.02657
8.94113
9.00516
9.03339
9.64112
9.20782
9.04684
9.07031
9.11094
9.44569
9.29555
8.81372
9.10278
9.25362
8.99328
9.57298
9.2896
9.21591
9.28501
9.06385
8.75641
8.69845
9.39993
9.00462
9.37505
9.35181
9.35824
9.2256
9.20554
9.19511
9.25729
9.00048
9.32424
9.33035
8.88658
9.43253
9.37605
9.50612
9.57075
9.30812
9.36018
9.54993
9.41933
9.13708
8.76749
9.44333
9.3348
9.30815
8.97421
9.27405
9.19089
9.18201
9.16356
9.37252
9.20882
9.43772
8.71525
8.65536
9.00198
9.03295
8.78311
9.18944
9.12893
9.34818
8.93569
9.23563
9.54126
9.23678
9.04836
8.60496
8.91747
9.31467
8.90367
9.021
8.74961
8.88788
9.21964
9.17957
9.13843
9.35644
8.83741
8.86858
8.99063
9.40032
9.06983
8.9925
8.33459
8.9475
8.77337
9.12566
9.18035
9.04893
9.00948
9.10323
8.8251
9.12525
8.6586
9.30173
9.13425
9.13485
9.19589
8.95836
9.2803
9.16425
8.92429
9.12668
8.93198
9.32879
9.21878
8.90665
9.2617
9.17941
8.98533
8.68515
8.92783
9.1642
8.96037
9.30649
9.25873
9.58399
8.78044
9.36132
9.05905
9.12345
9.1317
8.76059
9.14803
8.74692
9.04099
9.11054
9.31107
9.03887
9.12636
9.22216
9.23259
9.0046
9.0444
9.11179
8.91796
9.35503
8.80798
8.9548
8.99661
9.23746
9.06263
8.93243
9.10384
8.87312
8.99085
8.77658
8.77627
9.05995
9.34916
9.087
8.87357
8.9767
8.5651
9.11415
9.33615
9.07111
9.40124
9.23011
9.52806
9.4001
9.38295
9.01481
9.15905
9.43438
8.91981
9.36115
9.01734
9.44001
9.19969
8.7987
9.22745
9.04369
9.01731
9.36317
8.95827
9.14827
9.30355
9.39186
9.40733
9.26237
9.18684
9.29701
8.84135
9.08624
9.38806
8.89762
9.21758
9.28163
9.21825
9.3173
9.01082
9.78696
8.95628
9.20481
9.00365
9.58704
8.87452
9.43768
9.2256
9.35158
9.13718
9.05304
9.21178
9.74099
9.34683
8.7735
9.13376
8.88325
9.05272
9.64039
8.96564
8.89537
9.41642
9.29332
9.1089
8.79721
8.96746
8.79024
9.15619
9.1211
9.12645
9.0375
9.55758
9.08955
9.07445
9.15494
8.79336
9.1622
9.07526
8.88128
9.07639
9.27502
8.71082
9.63754
9.31565
9.11796
8.89357
8.56753
8.95809
8.99117
9.14449
9.00599
9.30977
8.90064
9.25421
9.05238
9.00402
9.00638
8.95513
8.79577
9.21029
9.02043
9.04508
8.73021
9.37555
9.28885
9.48752
9.02577
9.08382
9.31022
8.9354
9.02597
9.13177
9.50755
9.52989
9.22823
8.85111
9.18265
9.39907
9.06716
8.77131
9.05633
9.03011
8.95072
9.32255
9.03769
9.18044
9.01568
8.96468
8.9307
8.80309
8.81405
9.17449
8.83404
9.37471
8.92629
9.45956
9.2262
9.44116
8.9512
9.17889
9.0701
9.20278
8.95078
9.07989
9.22594
9.1251
9.02785
9.3448
9.12574
9.27555
9.15375
9.00365
9.3401
9.02563
9.08457
9.34256
8.76954
9.52203
9.56052
8.70352
8.99428
9.08298
9.16273
9.44266
9.25047
9.22688
9.11032
9.05329
8.97423
9.17998
9.15762
9.23369
9.17357
9.36936
8.98934
9.01184
8.93499
9.13618
9.04572
9.10658
8.97017
8.98287
8.75744
8.75316
8.54291
9.48783
8.91874
9.05486
8.7778
8.65906
8.69114
9.00166
8.88104
8.88089
9.07589
8.99746
8.55689
9.06364
8.83214
9.03737
9.40487
8.7336
9.00989
9.56007
8.8312
9.09276
9.20416
9.15773
8.91799
8.97967
9.10798
9.0585
8.90219
8.78459
8.86597
9.0905
9.16184
9.122
8.97996
8.70235
8.86037
9.083
8.49425
9.04622
9.15491
9.04446
8.95847
8.70994
8.7426
8.84709
9.17419
9.12196
8.80284
9.30062
8.80307
8.95422
8.88077
8.79447
9.0193
8.77571
9.00427
8.74857
9.03698
8.81046
9.12997
9.04035
9.06995
9.12891
9.10942
9.17193
9.02717
9.10719
9.18925
9.14009
9.18808
8.84246
8.88673
8.74234
9.00129
9.23931
8.79179
9.0735
8.63899
8.97329
8.69324
8.63416
9.01583
8.47589
9.32557
9.47253
9.09461
9.35109
8.85055
9.18894
9.32185
8.86151
9.14272
8.88959
9.20343
9.0851
9.5298
9.19124
8.82953
9.52267
9.25974
9.26559
8.9104
9.45672
8.93038
9.3045
9.47274
9.14757
9.51397
9.01259
9.11127
8.95723
8.96608
8.97414
9.20792
8.87701
9.07343
9.38451
9.41918
8.91267
9.63192
9.2145
9.23504
9.34168
9.00512
9.05378
9.28375
9.13384
9.57555
9.4922
9.37906
9.36885
9.26225
9.16644
8.61868
8.87758
9.26244
9.4091
8.80071
9.11401
9.27822
9.0055
9.18343
9.19509
9.15289
9.29472
8.6917
9.15048
8.8961
9.49591
9.06307
9.24261
9.45771
9.06373
9.14093
9.33156
9.05933
9.38966
9.09153
9.25157
9.57837
8.97796
9.60696
9.40424
9.1323
9.43297
9.36119
9.48252
9.34905
9.14693
9.50971
9.24745
8.9654
9.13075
8.94969
8.78598
9.05527
9.27524
9.0156
9.21332
9.57096
8.99526
8.87464
9.5558
9.06003
8.78311
9.27351
9.29407
9.01484
9.24707
8.94847
9.24188
8.83873
8.97822
9.09801
9.27771
8.9475
9.17491
9.22
9.40218
9.27097
8.78023
8.91304
8.95665
8.72973
9.02731
9.16975
9.21268
8.95934
9.10968
9.04942
9.42123
9.46436
9.17645
9.18109
9.25833
9.63565
9.3102
9.61812
9.39373
9.54319
9.1242
9.16049
9.03436
8.9859
8.82047
9.45183
8.86956
9.14693
9.32511
8.91354
9.1402
9.26517
9.34658
9.50385
9.34895
8.94453
9.28802
9.13734
8.99234
9.20928
9.06397
9.0436
9.15968
9.20863
9.40514
8.91943
9.37057
9.22083
9.11812
9.43688
9.13833
9.21852
9.54225
8.91996
9.20075
8.88365
9.12663
9.25353
9.058
8.85161
9.18665
8.76203
8.87459
9.19078
8.76321
8.88569
8.79012
9.24678
9.31955
8.74636
9.1223
8.90735
8.89273
8.84078
9.32922
8.81145
8.70662
9.17156
8.86935
9.18584
8.87612
9.2808
9.41721
8.99929
9.01565
9.49921
9.02732
8.7481
9.21335
9.23048
9.03599
9.11398
9.12448
9.12798
8.90558
9.05117
9.20721
8.83661
8.85514
8.72883
9.18719
9.05334
9.3317
8.51791
9.12186
9.28339
9.29944
9.01356
8.99502
9.14665
8.97171
8.94232
9.22463
9.02395
8.9339
8.87549
8.6426
9.27866
9.14516
9.24212
9.04752
9.41115
9.18686
9.05494
8.75582
9.27062
9.34444
9.20293
9.41965
8.87219
9.25434
9.27621
8.83036
8.90975
9.35852
9.07903
8.92577
8.80034
9.21678
9.19034
8.80692
8.89398
9.24831
9.12687
9.04794
8.99201
8.64963
9.0655
8.90314
9.08239
9.5372
8.85937
9.63124
9.0607
9.14231
8.68015
9.41612
9.33571
9.2201
9.00396
9.16708
9.13718
8.72462
9.3284
9.03057
9.32679
8.93039
9.3151
9.24281
8.83634
9.06154
8.93992
9.07679
9.13187
8.99467
9.21562
9.03164
8.82122
9.27001
8.94023
9.33812
9.25087
9.0593
9.32553
9.11777
8.8953
9.52882
9.16911
8.83779
9.06691
9.38562
9.47401
9.00261
8.90875
9.08335
8.74255
8.91498
8.79449
9.30183
8.93038
8.93573
9.24917
8.95341
9.06418
9.30904
8.69343
8.9893
9.1409
9.39184
9.34863
8.93567
9.07311
8.98958
9.41563
8.85503
8.70986
9.03022
9.43552
9.15252
8.69165
9.19854
9.10818
9.21358
9.11656
9.21102
8.97589
9.36688
9.03733
9.1969
9.09985
8.87167
9.25429
8.76515
8.87942
9.03362
8.3757
8.65989
8.87187
8.63494
8.84966
8.83644
8.93187
8.81407
9.08217
9.09201
9.16345
8.52952
8.56249
8.81068
8.51118
8.81596
9.00828
8.8008
8.88634
8.73816
9.22202
9.1684
8.78284
8.77521
8.69911
9.01041
8.83072
8.56776
9.15382
8.66866
9.18554
9.02745
9.00925
9.08565
8.97533
8.91861
9.24613
8.63611
8.9809
8.54173
9.24781
8.94334
9.02893
8.65344
8.79376
8.79104
8.78536
8.77309
9.06808
8.7031
9.18914
9.24521
8.59273
9.35815
8.96564
8.92333
8.75953
8.81886
8.75522
8.53258
8.55471
8.63869
9.18205
9.15386
8.91328
8.76524
9.3818
9.10562
9.21019
8.59751
8.95407
8.43394
8.70348
8.98644
8.74689
8.64472
8.88833
9.11064
8.87061
9.116
9.03017
8.82307
8.43617
9.42079
9.03478
8.40164
8.72158
8.75802
9.36938
9.06865
9.24256
8.95834
8.8022
8.80745
9.24364
8.9329
9.2371
8.87701
8.84106
9.20154
9.00241
8.90814
9.11326
8.66127
9.11812
9.41308
9.04177
8.89718
9.04551
8.86524
8.76647
9.09415
9.01744
8.8286
9.45575
9.38433
8.66447
9.42803
9.13517
8.55465
8.90966
9.2918
9.04218
9.14956
8.96416
9.11214
9.05506
8.90214
8.81027
8.96717
9.09714
8.8998
9.01465
8.53161
8.46478
9.19256
8.81028
8.82462
9.16381
9.02712
8.66714
9.00938
8.7266
9.03455
8.77404
9.12401
8.89278
8.94275
9.14935
8.98933
9.00786
9.27658
8.98827
8.97794
8.8283
8.76725
8.75905
9.25356
9.0129
9.17981
9.19471
9.05414
9.19621
8.82744
8.80641
8.91748
8.93288
9.28419
8.61386
9.09805
8.9234
9.16069
9.47928
9.28666
9.15749
9.02487
9.22135
9.36314
8.79539
9.44722
9.41612
9.04728
9.28289
8.78712
8.95777
9.37169
9.38977
9.19255
9.63322
9.19487
8.82542
9.06186
9.0945
9.20802
9.02559
9.40188
9.21061
9.33691
9.28629
9.23843
8.99602
9.29892
8.98426
9.21541
9.26201
9.07949
9.23966
9.39551
9.3641
9.42295
9.18588
9.29833
8.92446
9.19494
9.16879
9.34984
9.46413
8.95226
8.93225
9.17015
9.3533
8.9398
9.18535
8.88522
9.05877
9.15316
9.12088
9.27615
9.03292
9.62415
9.39494
8.89527
9.13682
9.20422
9.03227
9.36526
9.42096
9.17544
9.18125
9.02404
8.94446
9.37192
9.04306
9.18781
9.28056
9.33394
9.48466
9.44591
9.46466
8.90632
9.26134
8.86553
9.24561
9.49481
9.09793
9.29885
8.77456
9.16435
9.20138
9.30192
9.18223
9.66885
9.45337
9.05699
9.14002
9.08924
9.47835
9.36602
9.02929
9.12102
9.47426
9.36723
8.72492
9.35523
9.08559
9.29066
9.33549
9.49999
9.28427
8.97834
9.34566
9.12657
9.45251
9.0772
9.01738
9.172
9.26358
9.33355
8.74377
9.82259
9.60236
9.25847
9.10042
9.16968
9.25675
8.94276
9.08674
9.7435
9.03972
8.87249
9.42434
9.18353
9.5346
9.32236
9.0809
9.49702
9.40001
9.2239
9.19992
8.93
9.39095
9.69748
9.40082
9.1109
9.08673
9.32866
9.36648
9.23199
9.07375
9.83201
9.13273
8.89108
9.50384
9.22076
9.15006
8.84888
8.93556
9.09183
9.42123
8.95599
9.10446
8.68244
9.03245
8.55816
9.26815
9.32317
9.02642
8.58685
9.12039
9.05537
9.40327
8.71699
9.13744
9.11563
9.07576
8.91218
9.05014
9.09395
9.31635
9.12403
8.94269
9.192
9.17074
8.55465
8.6525
9.13954
8.96038
9.05105
9.21331
8.69596
9.248
9.04816
8.97323
9.2303
8.76375
8.76921
9.37953
9.13312
8.65933
9.13852
9.02965
9.21909
9.12562
8.50938
8.74334
9.23019
9.09149
9.03844
9.33102
8.83056
8.90283
9.35574
9.09502
9.00307
8.89944
8.97825
9.01791
9.00251
9.08416
8.97058
9.11461
9.04304
9.01404
9.09753
8.60623
9.0293
8.85493
9.20733
8.84236
9.14565
9.11933
8.53556
9.32577
8.74197
9.13103
9.09356
9.41757
9.34764
9.06989
9.05996
9.09796
9.06763
8.91993
8.92395
9.19462
9.05514
8.97531
8.79691
9.08934
9.20755
9.34085
8.96985
9.20992
9.07306
8.86838
9.34025
9.31064
8.8361
9.44318
8.64411
8.57455
9.00444
9.03763
9.05255
9.09611
9.04759
9.2106
9.16969
8.94129
8.89761
9.12517
8.80525
8.78095
8.85897
9.23384
8.35078
9.25355
8.76661
9.47556
8.88323
9.50171
9.07636
9.18567
9.391
9.25329
9.06774
9.01119
8.38462
9.115
8.47036
9.32143
8.9798
9.12895
8.71515
9.10347
9.24526
9.11227
9.08912
9.11024
9.1366
9.24364
9.49096
9.27867
9.00758
9.01808
8.95351
8.7163
8.96456
9.1154
9.23004
9.13307
8.92705
8.69649
9.037
8.778
8.77221
9.29515
9.07157
9.0948
9.15188
9.18228
8.80507
8.95091
9.24008
9.2086
8.8087
8.89743
9.20258
9.21778
9.38259
8.96908
8.99028
9.31165
9.3725
9.39151
9.25481
9.29152
9.46011
9.13685
9.21828
9.18025
9.22158
8.76699
8.6584
9.16159
9.22657
9.13958
9.3547
9.07611
9.45212
9.00233
8.78917
9.08305
8.984
8.66023
9.26175
9.11858
9.1588
8.98743
9.57641
9.2987
9.16887
8.7057
9.19978
9.21157
8.78231
9.30234
9.08302
8.94027
9.1422
9.23829
9.13767
9.21475
9.0558
8.97911
9.15347
9.07909
8.86373
8.94828
8.8744
8.69094
9.21907
8.97992
9.11914
9.12625
9.54486
9.01471
9.13111
9.4209
9.61905
8.86563
8.96212
9.313
9.24611
9.03563
9.11656
9.42573
9.07292
8.8638
9.35381
8.92314
9.04806
9.23714
9.4321
9.4301
9.23148
9.2599
9.45774
9.25889
8.95939
9.53051
9.00963
9.62611
9.79864
9.46566
9.29016
8.85222
9.38581
9.22695
9.73971
9.05634
9.4989
9.18792
9.0454
9.33598
9.16011
9.57461
9.59044
9.20546
9.50061
9.19339
9.58507
9.37663
9.25599
9.40165
9.2648
9.27759
9.3606
9.51257
9.51793
9.16005
9.29926
9.29072
9.1791
9.20672
9.44558
8.8954
9.11393
9.51775
9.05049
9.49823
9.12096
9.0879
9.08479
9.45549
9.24665
9.50537
9.07979
9.09882
9.53953
9.35871
9.10844
8.85245
9.24555
9.33124
8.91859
9.09285
9.53525
9.32859
9.39094
9.59748
8.90431
9.33728
9.5561
9.10537
9.01577
9.19387
9.31668
9.72275
8.65973
9.47445
8.9682
8.74121
9.09186
9.78138
8.82316
8.81595
9.21524
9.03894
9.64938
8.4842
9.30824
9.22543
8.62663
9.04167
9.04547
9.17878
8.78513
9.05856
9.03714
9.4525
8.56773
9.27601
8.72753
9.23683
9.41585
8.83947
8.88727
8.92398
8.43445
9.0346
8.80733
9.16693
9.35703
9.09198
9.50064
9.10512
9.03479
9.03008
9.00522
9.02114
8.95719
8.92416
8.51292
9.04776
9.14198
9.2247
8.9608
9.0499
9.20151
9.23798
9.03692
9.06487
9.30855
8.88555
9.35682
8.89615
9.38069
9.12313
9.09243
9.15168
9.28928
8.94112
9.0344
9.11703
9.28134
9.39401
8.67122
8.92224
8.95205
9.38476
9.01104
8.88277
8.96584
9.0647
9.05883
8.75366
9.46067
9.07624
9.49261
9.63499
9.07514
9.36252
9.25477
8.9923
8.91388
9.38665
9.70385
9.563
8.8797
9.10041
9.36492
9.48969
8.59169
9.53774
9.54679
9.26132
9.26971
9.38393
9.05107
9.55673
9.30184
8.9597
9.29399
8.98188
9.12336
9.24033
9.36633
9.5005
8.87247
9.62761
8.80274
9.28048
9.33476
9.47935
8.66256
9.09456
9.09646
9.49829
9.23983
8.57561
9.4996
9.08326
9.17731
9.24079
9.44472
9.13748
9.59218
9.15305
9.24127
9.39523
9.16132
9.47049
9.03033
9.02354
9.01652
9.54112
9.47569
9.14443
9.61975
9.45005
9.2086
9.59592
9.37371
9.30406
9.29396
9.33084
9.22118
9.3178
9.11822
9.10271
9.60097
8.89614
9.27755
8.992
9.23205
8.85375
9.04733
9.64457
8.86324
9.2217
9.28855
8.80012
8.61718
9.19492
8.86705
9.18819
8.98195
9.02616
9.02967
8.91613
9.12435
8.85292
8.94663
9.01427
9.07675
8.65147
8.78075
9.20848
9.02218
8.90237
9.29302
8.8459
9.32184
9.10679
8.93842
9.10357
9.24686
8.435
8.95933
8.93105
9.05969
8.72398
9.2048
9.13944
8.79918
9.22985
9.24583
9.22172
8.78877
8.84192
9.03254
8.939
8.83972
8.74729
8.8218
9.1004
8.99738
9.07119
9.13677
9.13992
8.80953
9.22754
9.04835
9.08019
9.01017
9.00253
8.86151
8.58969
9.08921
9.2323
8.81334
9.11804
8.86345
9.24498
8.69547
9.21333
8.74356
9.03377
9.27567
8.94129
9.18534
9.24634
8.92551
9.31626
9.66577
8.89541
8.94297
8.61727
8.83548
9.09215
9.35431
8.81245
9.19925
8.97641
9.10698
9.11544
9.44235
8.81021
9.43331
9.50687
9.24218
9.12503
8.95069
9.20569
9.60625
8.82057
9.19407
8.63739
9.17095
9.39957
9.14826
9.32033
9.28537
8.83923
8.99435
8.92099
9.35807
8.86852
9.4251
9.22693
9.23186
9.15087
9.29102
9.0481
9.10096
9.20715
9.05808
9.36402
9.32305
9.26665
9.49835
8.90185
9.1447
9.16613
9.31911
9.40459
9.15159
8.89123
9.11296
9.25509
9.49214
9.07483
8.93329
9.03099
8.82505
9.13215
9.31592
9.0641
9.09811
9.31394
8.70172
9.44191
9.0994
9.09375
9.29435
8.68925
9.26949
9.28005
9.23035
9.58843
9.11325
9.14102
9.33512
9.32839
8.90833
9.34617
9.08214
8.96939
9.25936
9.65452
9.31642
9.21285
9.16947
9.23942
8.9414
9.12885
9.29215
9.78968
9.03985
9.44205
9.07674
9.32196
9.05607
9.56494
8.85558
9.81175
9.15965
9.15385
9.20558
9.41491
9.66661
8.88147
9.3134
8.94423
9.10797
9.07892
8.96831
9.29547
9.54744
8.76272
9.37171
9.11393
9.31422
9.22156
9.05435
9.28936
9.14482
9.08707
9.21629
9.00387
9.48367
9.33337
8.913
9.15707
9.30049
8.81345
9.35116
9.12694
9.28042
9.46693
9.22126
9.61357
9.17895
9.12144
9.0214
9.32599
9.0993
9.11715
9.46478
9.39796
9.46308
9.5103
9.45735
9.20115
9.42253
9.15212
9.07078
9.32602
9.46957
9.77157
9.42038
9.68577
9.37072
8.8499
9.32404
9.26172
9.63958
9.13697
9.30259
9.43371
9.20018
9.37703
9.13015
9.66463
9.40715
9.33189
9.01302
9.47715
9.43678
9.42795
9.35212
9.80658
9.06645
9.23095
9.44561
9.49793
9.192
9.1431
9.42811
9.16851
10.0014
9.27107
9.17582
9.13814
9.18668
9.63709
9.68356
9.41735
9.35618
9.58522
9.48815
9.22293
9.19578
9.76252
9.17417
9.3632
9.18042
9.49571
9.52175
9.12258
9.49116
9.57387
9.44682
9.54136
9.75125
8.99125
9.21819
9.18516
8.9696
9.44192
8.95996
8.91713
9.10742
8.85861
9.0599
9.27418
9.20222
8.47818
9.05923
9.14288
9.32337
9.0752
9.16326
9.17027
9.1525
9.00391
9.21473
8.89851
9.31956
8.89417
9.65445
8.9951
9.34348
8.87367
9.1138
9.25082
9.3152
8.58007
8.93549
9.20884
9.2632
9.34538
9.29851
8.74256
8.73287
9.1164
8.92558
8.90827
9.09649
9.02158
9.07278
9.41373
8.91603
8.7709
9.01675
8.78414
9.56111
9.26321
8.80886
8.99506
9.04419
9.2149
8.73236
9.10261
9.14691
8.77097
9.15178
8.9575
9.01257
9.15979
9.08856
8.96058
9.2604
9.30461
9.15836
9.25101
8.45532
9.38445
9.01317
9.12243
9.02548
9.33325
9.30094
8.96611
9.07659
8.89945
9.37279
8.63814
8.78071
8.93373
8.83205
9.18212
9.35577
9.02229
9.0357
8.97204
9.10154
9.25166
9.42472
8.89915
9.2351
9.12212
9.24042
9.0069
9.22609
8.92096
9.19674
8.84878
9.23303
9.45528
8.97959
9.02932
8.86607
9.03047
9.3827
9.04355
8.93202
9.06465
9.05377
9.33881
8.80511
9.31699
9.23649
9.05314
9.21448
9.09661
8.69303
9.23239
9.18635
9.03764
8.99884
9.1244
9.25948
8.81495
9.14103
9.10356
9.27212
8.94324
9.11557
9.07857
8.95044
8.85201
8.99662
8.91346
9.42774
8.925
8.78231
8.92765
9.13604
9.28368
9.18719
9.44231
9.08994
9.05832
9.77167
9.24595
8.97622
9.19616
9.06395
9.48404
9.05773
9.38931
8.70925
8.938
9.63225
9.3658
9.28085
9.00318
8.94734
9.19574
9.49365
9.51831
9.19104
8.94875
9.36279
9.15532
9.03199
9.53109
9.17131
9.37797
8.9747
9.10584
9.09373
9.36009
9.26016
9.51216
9.1281
9.05766
9.13519
9.39205
9.44399
9.15584
9.36198
9.4442
9.30851
9.48206
9.002
8.82554
8.73041
9.11818
9.00271
9.27913
8.98109
8.87605
9.03685
9.24264
9.31629
9.30884
9.17728
9.44708
9.51318
9.38555
8.86256
8.83237
9.26699
8.96084
8.83864
9.27354
8.56192
9.16457
8.967
8.72432
8.82484
9.06844
8.79936
9.22984
8.48048
9.18402
8.87315
9.11862
9.25756
9.10042
9.04525
9.03339
8.96219
8.78868
9.21275
9.16369
8.89946
9.2454
8.83442
9.30358
8.84587
9.09457
8.78727
8.8769
8.55319
8.88985
9.15268
9.17653
8.9222
8.75871
8.94415
8.71964
8.90307
8.77876
8.6846
9.01815
9.32728
9.04517
8.80973
8.77255
9.05888
9.24485
8.86491
8.92707
8.60935
8.72518
8.82147
9.01851
8.73343
9.19034
8.68418
8.85838
9.29804
9.07731
9.0025
9.03617
8.94216
9.07952
9.01205
8.82454
8.94115
8.47157
9.22861
9.64109
9.15197
9.17613
8.61005
9.51887
9.00459
9.24707
9.11255
9.41661
9.03645
9.07837
9.73391
9.18057
9.45256
9.31233
9.1771
9.35767
9.19579
9.0917
9.55477
9.37003
9.47806
9.63423
9.44579
9.37956
9.5176
9.17571
9.29459
9.38439
9.38618
9.42456
9.56654
9.36672
9.01522
9.1421
9.27985
9.4006
9.29607
9.26384
8.96127
9.68435
9.10721
9.29154
9.19944
9.39365
9.2351
9.23416
8.85262
8.7732
9.23943
9.2762
9.26181
9.11892
9.59626
9.13455
9.07587
9.23198
9.69645
9.08559
9.09905
8.98113
9.00547
9.76888
9.33018
9.16534
8.96505
9.55138
9.43549
9.15262
9.35163
9.6138
9.14792
9.34817
9.03586
9.14743
9.05276
9.12002
9.17839
9.23656
9.30642
9.42546
9.1226
9.12637
9.25391
8.90675
9.57215
9.31628
9.16712
9.26056
9.65773
9.48036
9.44086
9.00461
9.43645
9.2011
9.43887
9.2858
9.234
9.19505
9.06328
9.14303
9.24946
8.9437
9.41891
8.94889
9.3218
9.50028
9.06032
8.83785
9.22629
9.48121
9.3767
9.30129
9.5219
9.08858
9.22777
9.30037
9.63635
9.13538
9.1687
9.3432
8.77974
9.36067
9.34558
9.48635
9.24159
9.32427
9.27109
9.57614
9.09319
9.52628
8.78077
9.01501
9.08383
9.15647
8.9128
9.15119
8.90834
8.85844
8.92446
9.06021
9.26327
9.44428
8.98593
9.38757
9.53463
8.75228
9.31586
8.8867
9.22746
9.38521
8.9078
9.56837
9.20061
9.27374
9.23907
9.3722
9.07716
9.26215
9.10365
9.4906
9.31215
9.53263
8.88567
9.09855
9.3209
9.1815
9.09975
9.2267
9.22112
8.79202
9.40972
9.19296
9.26194
9.09144
8.96362
9.28881
9.39741
9.41427
8.87968
9.07688
9.06007
9.06159
9.22493
9.07957
9.27533
9.0246
9.12115
8.91577
9.08522
9.31294
9.3709
9.25395
9.07052
9.40676
9.42661
8.89232
9.00411
9.1627
9.26632
9.13001
9.1773
9.09516
9.27309
9.23536
9.21779
9.56289
9.20768
9.62856
9.34127
9.38508
9.30385
9.46795
8.84873
9.37606
9.48129
9.48467
8.88891
9.30156
9.47808
9.36951
9.35076
9.36678
9.23439
8.95348
8.94697
9.43537
9.13345
8.92272
9.47136
9.35883
9.30509
9.27888
8.95852
9.42306
9.34452
9.33101
9.35238
9.34301
9.2138
9.29909
9.16893
9.39721
9.32933
9.0825
9.40955
9.18758
8.959
9.18727
9.00666
9.16206
9.02956
9.24024
9.00539
9.21316
8.97292
9.21851
9.59425
8.80806
9.48049
8.86518
8.83258
8.9019
9.07937
8.99276
9.10652
8.89604
8.74607
8.98791
8.98199
8.67097
9.29236
8.76978
9.06059
8.62647
8.91906
8.79238
9.34321
9.1017
9.04279
8.86936
8.88178
9.05261
9.06119
8.73874
9.05958
9.12625
9.01809
8.7391
8.80571
8.68865
8.67877
9.17633
8.5545
8.95412
9.59975
9.22945
8.88167
8.86349
8.90703
8.82356
9.07321
9.54545
8.85095
8.83252
8.99242
9.17804
9.05589
8.90773
9.12472
8.74197
9.12744
9.03687
8.96814
8.93803
9.09078
8.99914
9.02159
8.94859
8.57064
9.16657
8.53316
8.97608
8.7104
8.665
9.45382
9.18999
9.18856
9.08746
8.97305
8.74094
9.13697
9.40368
9.11926
9.09727
9.01362
8.98987
9.09656
8.82164
9.15791
9.08119
9.3029
8.68391
8.92632
9.22015
9.04126
9.3457
9.46143
9.04933
9.1211
8.78096
8.94338
9.1817
8.98449
8.94364
8.85617
9.24699
8.92214
8.92552
9.10538
9.09702
8.84757
9.37238
9.14201
9.44566
9.50054
9.06976
8.79132
9.01439
8.79625
8.9005
8.82897
9.10115
9.06503
8.70635
9.08705
8.8755
9.45448
8.9567
9.3287
9.09816
9.3662
9.46715
8.74539
9.27996
8.56302
9.16546
8.8566
9.05619
9.06585
8.93418
8.83409
9.4952
9.06742
9.29799
9.24013
9.36312
9.45332
9.31939
8.99435
9.4274
8.86354
9.41935
9.26349
9.3919
9.42307
8.97485
8.72456
9.40889
9.16566
9.40809
8.92203
8.99775
9.40061
9.28226
8.96679
9.36824
9.2289
9.608
9.13617
9.08259
9.61804
9.31918
9.35575
9.26234
9.10244
9.34266
9.12647
9.47883
8.93966
8.97303
9.48687
8.8848
8.85894
9.07236
9.09175
9.25799
8.6242
8.98644
9.09814
9.07331
9.31421
9.21465
9.30529
9.24731
9.00735
9.02428
9.10068
9.07794
8.75923
9.05301
9.16924
9.61439
9.09687
9.18148
9.41342
9.57098
9.30875
9.31997
9.21962
9.14632
8.85758
9.61537
9.0074
9.49759
9.56687
9.49172
9.52598
8.81691
8.74012
9.16085
9.38425
9.72355
8.82912
9.36311
9.17378
9.39332
9.32004
8.86646
9.12443
9.1037
9.09646
9.36518
9.42567
9.29913
9.07024
9.25726
9.04209
8.99979
9.41647
9.30755
9.4812
9.06355
8.7324
9.3902
8.95108
8.91856
8.93185
9.39625
9.22071
9.02787
8.92808
9.16856
9.03956
9.3426
9.10128
8.84255
8.57271
8.67819
9.01765
8.6553
9.30633
8.8076
9.15645
9.21174
9.01144
9.09668
8.92104
8.9084
9.0698
8.42778
9.109
8.69832
8.65819
9.02274
8.71675
8.42836
8.92364
8.96197
9.16335
8.79715
9.14487
8.66213
8.85124
8.66192
8.56994
8.67734
8.67346
8.80053
8.90674
9.05444
8.9194
9.14793
8.47214
8.44358
9.03846
9.21414
8.78629
8.93971
8.90154
9.05195
9.04158
8.84025
9.15105
8.58006
9.07499
8.76352
8.97189
9.26646
8.94702
8.6906
8.82566
8.74899
8.90286
9.23534
8.50177
9.12717
9.16574
9.19325
9.35629
9.07038
9.2317
9.1542
9.37382
8.75499
9.2434
8.88608
9.30731
8.75124
9.29593
9.11571
9.27251
8.98758
9.39788
9.05496
9.08562
9.48039
9.352
9.5734
9.36933
8.98195
8.94901
9.08203
9.41018
8.93362
9.42319
9.17664
9.27513
9.16368
8.63648
8.99287
8.96313
8.91499
9.04199
9.5429
8.89697
9.26789
9.09119
9.18669
9.03394
8.77035
8.9572
9.20199
9.09228
9.19463
9.3958
9.04325
9.13131
8.86051
9.51966
9.30977
9.0391
8.97335
8.79516
9.09634
8.94439
8.99657
9.02319
8.99135
9.11423
8.82853
8.90011
9.31727
8.99703
9.04295
9.06605
9.16789
9.20142
8.77279
9.10607
9.38112
8.9383
9.06297
8.91917
9.06044
9.05405
8.79923
8.65256
9.38952
8.8622
9.15033
9.02308
8.8225
9.40766
8.76722
8.49705
8.91323
9.13317
8.81644
9.03397
9.20698
9.22821
8.92385
8.75713
8.74029
9.24649
9.18521
8.9783
8.95221
8.74015
8.7939
8.89442
8.73378
9.01237
9.07119
8.90839
9.2768
9.06156
8.99534
9.06753
8.83169
8.86303
9.20947
9.15801
9.31535
9.28708
9.07323
9.11838
9.22611
9.37338
9.35739
9.19306
9.15043
9.0331
9.2054
9.08434
9.4034
9.14121
9.21189
8.98422
9.44714
9.24578
9.30833
8.74602
9.19259
9.12222
8.99208
8.90308
9.28739
9.17235
8.92259
9.32424
9.28432
8.71779
9.20653
9.05979
9.52609
9.31015
9.26008
8.9443
9.30172
9.06164
8.79042
9.18407
9.09504
9.06481
9.16213
9.14736
9.22341
9.262
9.19368
9.25889
9.19977
9.45468
9.42428
9.21235
9.14883
9.16065
9.30439
9.1494
9.3502
8.7481
9.22894
9.20164
9.01414
9.23185
9.14029
9.26655
8.98649
9.15259
9.30206
9.62196
8.95199
8.86582
8.78373
8.72851
8.62113
8.96131
8.91888
9.23624
9.15596
8.74828
8.94862
9.15126
9.40483
8.97522
9.41605
9.3229
9.0744
8.89172
9.1856
9.45918
9.28808
8.87212
8.89605
8.9902
9.60587
9.43039
8.98982
9.30691
8.49425
8.76602
8.42042
9.38819
9.43278
9.37
9.06671
9.31166
9.24702
8.9423
9.52343
8.6787
9.21411
9.59761
9.18934
9.14927
9.01603
9.45781
9.05812
9.1792
9.33333
9.21223
9.46632
9.47675
9.40008
9.61652
9.09898
9.26918
9.3662
9.14413
9.28679
9.20768
9.07684
9.35852
9.5501
9.14098
9.02495
9.35336
9.50748
9.33143
9.23749
9.34338
9.45259
9.19994
8.99816
9.54763
9.55949
9.41296
9.3011
9.18818
9.39566
9.27137
9.26801
9.41327
9.3106
9.32321
9.04377
9.15816
9.16232
9.69461
9.68955
9.52863
9.08849
9.52436
9.58064
8.48039
9.23952
9.29043
8.82177
9.00908
8.84181
8.52528
9.72161
9.07946
8.8734
9.12384
8.99468
9.17932
9.01273
9.00263
8.97267
8.96481
8.77672
8.6323
9.11986
8.90792
8.67106
9.41713
9.38333
9.26036
9.25432
8.73634
8.95063
9.06729
8.91443
9.27202
8.99889
8.98171
8.84299
8.86673
9.13975
8.97961
8.76978
9.11262
9.1688
8.97983
9.39296
9.13558
9.0126
9.03904
9.1652
8.80422
9.38392
9.04043
8.72591
8.84205
9.15551
8.92755
8.53203
9.12411
8.94837
9.33508
9.19612
9.18343
9.31424
9.15222
9.09358
8.94558
9.49903
9.22638
8.83541
8.7903
9.69137
9.1433
9.14381
9.35475
9.52373
8.98933
9.24549
9.04779
9.38906
8.78734
9.01511
9.01418
9.34776
9.48959
9.20046
9.42187
9.34175
9.06144
9.78065
9.36692
9.36276
9.38359
9.37757
9.23022
8.76944
8.7798
9.27866
8.68001
9.00892
8.87648
9.14279
9.33048
9.25233
8.9919
9.32633
9.65032
9.11011
9.49096
8.74976
9.36822
8.94507
9.04901
8.9453
9.23084
9.4126
9.04313
9.41055
9.07364
9.14997
9.077
9.05466
9.52796
9.42571
9.26257
9.36207
9.0529
9.19711
9.48036
9.59731
9.4047
9.37608
9.06421
9.28375
9.05754
9.32523
9.15523
9.12776
8.8357
9.38792
9.34587
9.1631
9.29341
8.8232
9.09429
9.49069
9.32926
9.35534
9.6235
9.27407
9.02252
9.0495
9.3838
9.24087
9.26487
9.29907
9.45205
9.47761
9.05273
9.19059
8.72899
9.25484
8.82098
8.92725
9.46764
9.0824
9.25168
9.0125
9.48318
9.6966
9.31429
8.8527
9.41049
9.0078
8.95801
9.07127
9.08201
8.59971
8.54475
9.51606
8.73875
8.96176
8.82293
9.24349
8.84037
9.12047
9.10002
9.25426
9.27093
8.57667
8.87609
9.02526
9.46938
9.11744
9.00889
9.12909
8.94694
9.4366
9.27661
9.11036
9.41921
8.89476
9.10785
9.28738
9.5238
9.35526
9.13082
9.1849
9.25327
9.61782
8.65639
8.93448
8.93703
9.55143
9.28579
9.29954
9.08061
9.17467
9.6305
9.3431
9.0207
9.39348
9.04769
9.37651
9.10125
8.97705
8.7837
9.35741
9.21315
9.02345
9.25609
9.47167
9.19749
8.98765
9.46472
9.09842
9.23407
9.31221
9.3457
9.3296
9.46003
9.09135
9.40268
9.49177
9.48065
8.99885
9.41768
9.48911
8.94876
9.13155
9.44728
9.02492
9.29583
9.22032
8.86539
9.58032
9.31266
9.42328
9.09215
8.58102
8.84075
9.41127
9.44159
8.82027
8.76457
9.45228
9.41399
8.88604
8.60999
9.63948
9.1308
9.34257
8.8957
9.07633
8.8925
9.18878
9.36325
9.20923
9.26848
9.21292
8.72385
9.05972
9.50266
9.14582
9.24508
9.25171
9.37073
9.31317
9.3183
9.56739
9.15455
9.14359
9.19669
9.4111
8.98165
9.40576
9.29722
9.23952
9.20198
9.01259
9.21473
9.17703
9.27874
9.28296
9.38563
8.70942
9.52627
9.0513
9.12676
9.19598
9.38093
8.72621
8.84248
9.12276
8.97995
8.86564
9.09455
8.93719
9.02757
9.01876
9.0419
8.87099
8.80232
8.734
8.97556
8.82196
9.2001
8.9051
9.18507
8.74213
9.14874
8.9761
9.12961
9.34614
9.04068
8.69613
9.17769
8.87268
8.88767
9.03745
9.1876
9.12084
8.98283
8.78447
8.75864
8.85598
9.1049
8.60578
8.82834
8.77765
9.06717
8.85594
8.97085
8.94248
8.65921
9.33301
9.32224
9.23351
9.24238
9.68763
9.61179
9.30087
9.50295
9.5318
9.05321
9.14671
9.23166
9.13413
9.2247
9.12385
9.55872
9.45143
8.53191
9.8296
9.49296
9.38079
9.39102
9.32401
9.12335
9.50927
9.28397
9.7784
9.05603
9.41847
9.42043
9.31367
9.20188
9.5106
9.34263
9.1478
9.06395
9.03302
9.31501
9.33284
9.26448
9.43265
9.16108
9.15715
9.13702
9.41172
9.2049
9.07069
8.72452
9.13781
9.21738
9.22542
9.02732
9.21056
8.93596
9.01067
8.84181
9.50716
9.1056
8.99268
8.73629
9.11514
9.13483
8.80743
9.06659
9.123
9.36492
8.77853
8.81157
9.28951
9.01652
8.82254
9.33052
8.87851
9.24287
9.40925
9.02239
9.09891
9.2525
9.4405
8.71263
8.99597
9.13907
9.15831
8.99062
9.679
9.15318
9.04384
8.97806
9.23072
9.00479
9.14253
8.92553
9.23913
9.2868
9.40678
9.14427
9.55966
9.54936
8.73558
9.44151
9.49709
9.37299
9.04812
9.42686
9.56015
9.13554
9.17555
9.17735
9.38718
9.37989
9.50299
8.98507
9.23519
9.24435
9.41587
9.3675
9.11733
9.19489
9.38484
9.22932
9.34494
9.39392
9.25983
9.21843
9.03733
9.17474
9.21148
9.00879
9.12993
9.49359
8.90459
9.16997
9.14553
9.5388
8.57069
9.18182
9.03153
9.34365
9.30391
9.15433
8.93747
8.89601
9.22639
9.44011
8.78753
8.99512
8.96933
9.05926
8.74184
8.86921
9.26455
8.94581
9.46765
9.53797
9.23346
9.20566
8.94596
9.12015
9.00276
8.92624
9.06384
9.48023
9.09998
8.99492
8.80559
8.99355
9.19714
8.95308
8.96416
8.93496
8.90264
9.01661
8.99974
9.26603
8.99212
8.75253
9.14381
8.46641
9.57309
9.57275
9.09152
9.26937
9.65814
9.21132
9.21609
9.49567
8.84035
9.55517
9.46309
9.31069
9.49472
9.4032
9.39559
9.02487
9.25745
9.70613
9.32212
9.17178
8.93256
9.44109
9.7634
9.20982
9.31938
8.92366
9.58553
9.24656
9.21056
9.07259
9.142
9.32114
9.16924
9.11515
9.27919
9.82595
9.16142
9.1863
9.20402
8.71624
9.64092
8.75361
9.69318
9.15872
9.22317
9.36767
9.52851
9.05394
9.48939
9.41113
8.76534
9.35753
9.34759
9.10025
8.96546
9.32713
8.74805
9.46559
9.15896
9.11351
9.09852
9.67378
9.23804
9.3874
9.13814
9.00099
9.07288
9.208
9.277
8.9462
9.45843
8.98822
9.19118
9.17813
9.04881
9.35373
9.10529
8.93746
9.47278
9.35737
8.87022
9.53621
8.78893
8.99205
9.48823
8.96345
9.71558
8.95185
9.59284
9.10392
9.59813
9.32002
9.08458
9.30897
8.95782
9.05579
8.94247
9.23533
9.2197
9.30834
9.16391
8.84569
9.67422
9.41691
9.6284
9.08583
9.18759
9.36656
9.1797
9.25822
9.61142
8.90634
9.38659
9.43066
9.06257
9.27589
9.54707
8.96245
9.00601
9.51142
8.86512
9.158
9.00724
9.12473
9.20738
9.29439
9.02517
9.0427
8.75361
8.68833
9.29988
9.06511
8.82551
9.04318
9.04442
8.85868
9.18201
8.57435
8.56322
9.2096
9.40151
9.06764
9.06631
9.28317
8.77823
9.29662
8.70934
8.79201
8.915
9.17913
8.41817
9.18689
9.09507
8.72228
8.95802
9.12472
9.10283
8.94243
9.05088
8.58908
9.16048
9.18439
9.37183
9.41754
9.47896
9.27069
9.1422
9.1652
9.48497
9.28901
9.35076
9.46487
9.01389
8.89063
9.41837
9.12947
9.00913
9.02029
9.27275
9.37215
9.34789
9.06172
9.20864
8.84863
8.98897
9.79316
9.29669
9.50401
9.32859
9.41387
9.0241
9.44897
8.91937
9.47567
9.25575
9.09727
9.00186
8.85477
9.46485
9.16875
8.98895
8.715
9.16841
9.21318
9.27209
9.27387
9.06436
8.93623
8.9675
8.89002
9.09782
9.33557
8.90473
9.15915
9.27724
9.13615
9.20293
9.22151
9.10059
8.79113
9.09728
9.53966
9.28108
9.06164
8.99183
8.83694
8.77513
9.27649
9.03094
9.21208
9.17445
8.97774
9.1945
9.26141
8.94023
9.45356
8.52003
8.94108
9.03759
9.04781
9.2769
8.99594
9.27146
9.16931
9.20618
9.06427
9.26919
8.80148
9.26331
9.45441
9.04903
9.16746
9.23409
9.17507
9.24621
8.92149
9.06029
9.25312
8.8672
8.83768
9.21426
8.91753
9.03231
9.11782
9.29235
9.05638
9.16417
8.75047
8.7364
8.81577
9.55759
8.64896
8.56425
9.14836
8.89539
9.09313
9.16443
9.03232
8.85875
9.30431
9.09594
9.13766
9.19768
8.83873
9.57804
9.05265
9.39507
9.19934
9.44637
9.15639
9.05473
8.79168
9.46015
9.27361
8.96173
9.25404
8.82761
9.14498
9.30144
8.93582
9.29664
9.40693
8.73845
8.86206
9.29928
8.9054
9.02649
8.78589
9.12277
9.42815
9.07809
9.22316
9.47382
9.09908
9.22328
9.37986
9.41415
8.78688
9.1259
9.08408
9.25917
9.45843
9.38183
9.06435
8.73677
9.41765
9.02436
9.50408
9.01403
9.2637
9.35134
9.10442
9.01489
9.10333
9.4498
9.49686
9.44865
8.98526
9.41849
9.40397
9.67575
8.77058
9.09286
8.99836
9.33737
8.84984
8.8256
9.02001
8.89441
9.18108
9.06343
8.88137
8.96586
8.99365
9.07494
9.11774
9.18237
8.95557
9.09185
8.69897
8.96566
9.07868
9.20175
9.1299
9.239
8.82631
9.04135
9.02543
8.92679
8.81575
8.94292
9.30161
8.97047
9.55502
8.49622
9.15141
9.0497
9.10818
8.8917
9.0221
8.84677
8.87768
8.48383
9.33249
8.80045
9.0905
8.97742
9.1995
8.72487
8.95072
9.03674
8.8271
9.116
9.18596
9.33626
9.07803
9.23425
9.06834
9.14554
9.32895
9.08224
8.926
9.13168
9.06374
8.95042
9.15135
8.71012
8.88785
9.1502
9.06519
9.20036
9.1815
9.01304
9.25855
8.81595
9.17029
8.93005
9.56617
9.12356
9.2094
9.05139
9.17999
9.17705
9.01371
9.29133
9.14448
8.78531
8.86878
9.15188
9.40923
9.23013
8.96725
9.26836
9.06248
9.50192
9.15107
9.34638
8.8964
9.2908
9.00001
8.65376
9.15094
8.99577
9.27473
9.15514
9.00687
8.87437
9.30983
9.0718
9.25451
8.96953
9.11672
9.00234
9.22643
9.04541
9.16439
8.34553
9.09151
9.18778
9.14318
9.10002
8.87196
9.28698
8.91149
9.07182
8.87953
9.10739
8.90244
9.28916
9.24379
9.47754
9.14526
9.43874
9.3676
9.1268
9.22206
9.28882
9.45127
9.17027
9.21757
9.16239
9.07117
9.02024
8.96072
9.17044
8.92664
9.06397
9.06486
9.21998
9.28883
8.91896
9.11624
9.32546
9.01095
9.42982
9.11361
9.0855
8.96086
9.09837
8.97416
8.99233
8.85069
9.40387
9.06139
9.01087
8.90907
9.2044
8.90895
9.04848
9.11693
8.81198
9.42363
9.46091
8.87852
8.88572
8.93267
9.06873
9.29475
9.41604
8.98724
9.15307
9.30429
8.74758
9.20318
9.09283
8.77766
9.47923
9.05536
8.78013
9.14404
8.84129
9.086
9.50439
9.05785
8.78763
9.15364
9.10302
9.22197
8.87755
8.96651
9.05629
9.0609
9.14492
8.92108
8.70525
8.92589
9.14011
8.929
9.41613
9.09185
9.49462
8.80564
9.0592
9.31641
9.29142
8.80571
9.15528
8.99843
9.48133
9.51256
8.90588
8.92443
9.16911
9.27552
9.03209
8.94232
9.05076
8.99343
8.97628
9.32084
8.42461
9.20905
9.2443
9.28701
9.05077
9.14932
9.42934
8.5043
9.19996
9.413
9.24187
9.19208
9.6795
9.31726
9.48915
9.47918
9.38766
9.36796
9.21309
8.76642
9.23496
9.01931
9.45433
9.36064
9.25895
9.08675
9.20879
8.83225
9.22976
9.3387
8.95925
9.27514
8.78666
9.23101
8.65075
9.03176
9.03784
9.45958
9.37941
8.99444
8.82982
9.06517
9.04171
9.43477
9.45481
9.00309
9.06317
9.25559
9.13231
9.33685
9.22927
9.02398
9.2718
9.42828
9.41633
9.23348
9.00344
9.53445
9.13886
9.38763
9.3678
9.17242
8.99519
9.45507
9.22176
9.364
9.14554
9.1741
8.90627
8.86622
8.88132
8.67303
9.29834
9.19396
9.55718
8.6246
9.33703
9.00994
9.17579
8.66267
9.16311
9.25468
9.25545
8.99841
9.06855
9.02379
9.18464
9.00929
8.91281
9.15286
9.04848
8.92261
8.96393
9.22885
9.29898
9.22802
9.26786
9.1207
9.08274
9.11543
9.38461
8.54403
9.24849
9.29857
9.02804
9.16808
8.99785
9.06292
8.88929
9.11716
9.11372
8.65184
9.47489
9.14129
9.05585
9.07721
9.35782
8.9859
9.1983
8.89511
9.44933
9.33712
8.904
9.6983
9.44505
9.39619
9.32715
9.51867
9.18598
9.13799
9.36398
9.18827
8.97958
8.91333
9.2719
9.13888
9.64178
9.03315
9.49274
9.32502
9.52303
9.343
9.18614
9.57318
8.69649
9.29606
9.42323
9.0278
9.00268
9.46911
9.00342
8.97359
9.29726
9.53461
9.1373
9.13448
9.6059
9.01956
9.30414
9.34648
9.31566
9.0508
9.53992
8.9399
9.24766
9.22824
9.3343
9.29898
8.88724
9.10415
9.12395
8.85983
9.3383
9.27359
9.30835
9.17012
9.26667
9.27247
9.12365
8.80964
8.9004
9.42319
9.31978
8.74905
9.34973
9.13219
9.2586
9.15611
9.01349
8.8174
8.91487
8.96097
9.11286
9.08225
8.85615
9.03528
9.03505
9.27124
8.9404
8.93428
9.55911
9.03551
8.49592
8.87972
8.9318
9.10839
8.94054
8.66008
9.28123
9.22136
9.37067
9.23035
8.91366
9.41672
9.20093
9.19948
9.20769
9.26967
9.32703
9.21057
9.12377
9.25713
9.32161
9.20033
9.38144
9.05936
9.60443
8.88224
9.20563
8.9094
9.0167
9.32621
9.08843
9.3651
9.5707
9.24058
9.45915
8.99697
8.77378
9.54103
9.50048
9.01961
8.83962
8.75807
9.06651
8.92987
9.26788
9.00293
9.02459
8.69095
8.98402
9.19509
8.87618
8.9143
8.43454
9.02696
9.18515
8.9954
9.56737
8.77725
9.32949
9.35561
8.91383
9.1258
9.21933
9.35598
8.92144
8.93668
8.95741
8.94574
8.97264
9.31914
8.96982
9.15814
9.17398
9.02827
8.98999
9.03624
9.45641
9.24766
9.08395
8.85808
9.07903
9.42855
9.00591
9.33305
9.26895
8.64555
8.93434
9.0758
9.2665
9.07809
8.94855
9.09503
8.70521
9.27982
8.90505
9.33243
9.03915
8.96613
9.11552
8.7539
9.32456
8.88988
8.81771
8.91551
9.32798
9.04769
8.98227
9.04488
9.23482
8.9872
9.19564
9.20051
9.03233
9.28318
9.46719
8.99624
9.22302
9.06398
9.17865
8.9395
8.69023
9.29222
9.00201
9.10189
9.13454
9.40586
9.26425
8.93284
9.478
9.19592
9.15905
