29.1209
28.9474
28.8924
28.748
28.7294
29.1179
28.51
29.4502
29.1144
29.1869
28.5027
28.8045
28.8403
29.0206
28.6753
28.8846
29.0442
28.8101
28.7903
28.8125
29.2358
29.0948
29.015
29.4099
28.7412
28.9414
29.3021
28.9739
29.4795
28.8773
29.1169
29.0278
29.3691
28.9356
28.6671
29.1505
28.6677
29.085
29.1801
29.0333
28.5742
28.8697
28.7034
28.9782
28.8703
28.7653
29.147
29.1599
29.0035
28.7505
28.4371
29.2389
29.1439
29.2635
28.7552
28.9341
28.9709
28.7574
29.2062
29.4513
28.7376
28.96
28.8766
28.8217
28.9811
29.1313
28.9323
28.8298
29.1879
29.1452
29.1439
29.1592
29.2585
28.8214
29.1403
28.9339
28.7811
29.2101
29.3389
29.0236
28.7684
28.6311
28.9885
28.565
29.1271
28.85
29.233
29.2687
28.8779
28.9549
29.0238
29.0234
29.0709
28.8992
29.3411
28.8612
29.1533
29.0699
28.6135
29.0539
28.8404
28.94
29.0699
28.6933
28.8464
29.2476
29.1664
29.0328
28.9314
29.0562
29.2454
29.0882
28.6517
28.8597
28.942
28.8888
28.851
28.9841
28.7792
28.8794
29.0883
29.0842
29.2245
28.9871
29.2067
28.8851
28.3015
29.0811
28.8991
28.7337
29.2383
28.8441
29.0171
28.9363
28.7974
28.9342
28.7253
28.8706
28.945
28.633
28.9849
28.6858
28.9218
28.9797
29.2994
28.9095
29.519
29.1454
29.159
29.2333
29.0033
29.0095
28.9691
28.7967
28.6338
28.797
28.7158
28.6917
29.0355
28.9881
28.8894
28.5125
28.9967
28.8287
28.6577
28.8598
28.6787
29.0033
28.9167
29.4044
28.7333
28.9214
29.0381
29.1607
28.8009
28.8544
29.1975
28.7072
29.1196
28.8448
29.1034
29.2754
29.2617
28.8847
28.8652
28.4267
28.722
28.5952
29.1594
29.0865
28.8671
28.7419
29.0617
28.91
28.7725
29.2478
29.1523
28.8393
29.3075
28.8394
28.8706
28.4385
28.7392
28.7358
28.3899
28.414
28.9235
29.1268
28.4279
28.6915
28.7228
28.9153
28.8925
29.2261
28.9287
29.0625
28.7414
28.9105
29.0583
28.8434
28.7851
28.913
28.9877
28.7006
28.7243
28.6919
28.8186
29.1472
29.1106
28.6445
28.8388
28.724
28.5834
28.8197
29.0873
28.7506
29.0342
28.5371
29.2467
29.3464
28.7964
28.8189
29.053
28.8003
29.2493
28.7497
28.9486
28.6779
28.8436
28.8853
29.1115
28.8892
28.6288
29.0556
28.7903
28.5652
29.5619
28.9678
29.004
28.4478
28.9651
29.1445
29.0137
29.0011
28.7701
29.0296
29.1655
28.6445
28.804
28.7315
28.9812
28.8984
28.8619
29.005
28.8697
28.7843
28.7675
28.4737
28.9743
28.6238
28.6641
28.6645
28.6595
28.7558
28.675
29.2105
28.4767
28.6603
28.7427
28.9979
28.7444
28.8684
29.0518
29.0367
28.876
28.5633
29.0109
28.6344
29.0859
28.9105
29.1425
28.7779
28.5439
28.9083
28.8932
28.8724
28.8725
28.5408
28.6097
28.5727
29.4499
28.313
29.129
28.7849
29.1018
29.0007
28.6996
28.6544
28.8302
28.9474
28.5357
29.1207
28.2861
28.9974
28.8972
28.7081
28.5755
28.8704
29.1095
28.878
28.7708
28.7993
28.5302
28.6164
28.7665
28.9661
28.8495
28.6445
28.8904
28.9245
28.8912
28.7448
28.8639
29.4581
28.7418
29.1517
28.8886
28.7605
28.9117
29.0653
28.6136
28.5742
29.1449
28.8622
29.1215
28.5834
28.8613
28.6073
28.6403
28.6633
28.5181
28.7814
29.0409
28.9974
28.6937
28.9612
29.2835
28.3606
28.8414
29.2048
29.0147
29.3426
29.2415
28.8405
29.1141
28.5702
28.7747
28.7122
28.7812
28.8873
29.118
28.6527
28.8048
28.7478
28.5809
28.8293
29.0071
28.7224
29.1874
28.6337
28.7266
28.9353
28.8475
29.0902
28.8666
28.8515
28.8196
28.8001
28.9895
29.2384
28.9223
29.3166
28.8281
29.2573
28.7531
28.9666
28.9121
28.775
29.334
28.9969
28.7658
29.0169
29.0008
29.7133
28.9634
28.9558
29.0152
29.231
29.0468
29.1224
28.7796
28.5648
28.8871
28.8868
28.918
29.1435
28.9955
28.8704
28.9054
29.1975
28.7329
28.8735
28.9445
29.3708
28.9119
29.1468
29.1511
28.826
29.2876
28.6333
29.2267
29.0063
28.9616
28.7477
28.695
29.1699
28.4058
29.1071
29.165
29.1032
28.6704
29.2563
29.1818
28.8223
28.7104
29.1237
29.246
29.3612
28.6271
28.9737
28.8813
28.8363
28.9626
28.8322
28.8951
28.7795
29.2276
28.8475
28.9651
29.2621
29.3645
28.7524
29.5021
28.9223
28.9804
29.0201
29.3533
29.1432
29.0213
28.8011
29.1905
29.2839
29.2642
29.3235
28.8544
29.1847
28.6143
28.9684
29.3611
29.0188
28.8763
29.0938
29.2067
28.8973
28.5722
28.7083
28.8622
28.9047
28.9394
28.9071
28.8633
28.7908
29.1471
28.7346
29.1368
28.9568
28.9633
29.0013
28.6782
28.7836
28.9687
28.7418
29.0009
29.2584
28.9589
28.7156
28.8672
28.7594
28.647
28.8756
28.701
29.0042
29.0104
28.871
29.2325
29.0547
28.9611
28.4619
28.9433
28.7766
28.8279
29.3574
29.319
28.9011
28.4703
29.3224
28.6943
28.5405
28.5098
29.0338
28.6001
29.2825
29.0416
28.8077
28.6083
28.7679
28.6468
29.1056
28.9778
28.8503
28.7031
29.3064
28.7722
28.7681
29.3373
28.9193
29.274
28.9842
29.0855
29.1016
28.8194
28.7815
29.0987
29.0474
28.8419
28.9858
29.0174
28.9583
28.9911
28.7543
28.6716
28.8814
29.0773
29.1595
28.7309
28.9912
28.7317
28.8567
28.9731
28.7266
28.6977
29.0223
28.5656
28.5673
28.4774
29.0058
29.4654
28.7659
28.9264
28.9213
28.6914
28.8124
28.9685
29.0024
28.7695
28.7934
28.7588
28.7074
29.0485
28.9988
29.1509
28.9165
29.0478
29.1121
28.3755
29.0091
29.3191
28.6067
28.6038
28.8892
28.9526
28.8988
28.8466
28.4898
29.1594
28.9753
28.8735
29.1537
28.6894
28.8051
28.9541
29.0136
29.0789
28.8821
28.8617
29.4984
28.9099
28.818
29.2861
28.4866
28.6424
28.7205
28.8664
28.6628
29.0692
29.0244
28.6678
28.9036
29.0609
29.3032
28.8533
28.8549
28.6177
28.8545
29.4051
28.9973
28.7601
29.1934
29.0747
28.8894
28.9304
29.007
29.0238
28.72
28.8839
28.7336
28.6927
29.0441
29.0658
28.9481
28.4449
28.8073
28.8734
29.443
28.3116
29.0347
29.358
28.6587
28.5486
28.7884
29.0187
28.5456
28.9596
28.7357
28.6463
28.4006
29.1293
28.5435
28.7086
28.5695
28.3638
28.5002
28.0249
28.734
28.7119
28.572
28.33
28.6715
28.6907
28.7096
28.6331
28.7281
28.737
28.7452
28.7819
28.6556
28.4213
28.7147
28.5011
28.8461
28.332
28.453
28.8012
28.4538
28.6923
28.4566
28.5275
28.5913
28.8946
28.3972
28.5763
28.9197
28.6897
28.7881
28.8989
28.2674
28.3161
28.8931
28.3943
28.4339
28.9753
28.7113
28.3703
28.6102
28.9902
28.3374
29.1993
28.4538
28.6573
28.719
28.8374
28.9643
28.6967
28.7917
28.7111
28.7251
28.8782
28.4166
28.4935
28.6186
28.536
28.62
28.8638
28.6168
28.6893
28.8282
28.5865
28.5194
28.6151
28.5722
28.7924
28.7979
28.5736
28.6578
28.1972
28.8499
28.4757
28.8148
28.6669
28.8037
28.575
28.5231
28.9509
28.2608
29.1223
29.1703
28.8798
28.8499
29.1293
28.9196
28.9971
29.3402
28.5765
29.402
28.8092
28.7739
28.7355
28.9319
28.7603
28.9779
28.9837
29.0632
28.9911
28.8517
28.9309
28.7435
29.096
29.2409
28.938
28.7796
28.9001
28.9654
29.373
29.1734
28.9604
28.9653
28.8824
29.1
29.2073
28.9282
29.1672
29.1111
29.069
28.962
28.9842
29.1573
29.1055
28.8589
29.159
29.1813
28.7609
29.2093
28.9179
28.3948
27.984
28.8549
28.7787
28.7969
28.8211
28.6459
28.7098
29.1557
28.8855
29.2112
28.9308
28.7644
29.1843
29.4055
28.7703
28.7176
29.4533
29.0442
28.9204
28.8672
28.4458
29.167
29.2479
28.9787
29.1014
28.9992
28.7621
28.6384
28.9338
28.9192
28.7235
28.7444
29.45
28.6091
28.8411
28.8233
28.5701
29.3019
28.9571
28.7625
28.635
29.038
28.8039
28.9194
29.3714
29.2405
28.8832
29.2987
28.8208
28.9228
28.8202
28.7643
28.9354
28.5291
29.2797
29.08
28.9842
29.005
29.2006
29.1028
29.0617
28.6475
29.418
28.7563
29.2427
28.9678
28.7768
29.3086
29.2009
28.9846
29.0491
28.9656
28.7264
28.947
28.7627
28.9334
28.9865
28.9454
28.9571
28.9453
29.1052
29.2674
28.9226
29.1319
28.9105
28.7031
28.7635
29.3097
29.126
28.8026
28.7023
29.3887
28.8886
29.2699
28.7993
29.3231
28.7977
29.171
29.3465
29.247
28.8549
29.0274
29.284
29.2845
29.2014
29.1906
29.7531
29.2535
28.6765
29.0865
28.7472
28.9569
28.7053
29.2284
29.0169
28.4298
28.6492
29.1412
29.2558
29.1368
29.004
28.9613
29.1893
28.8893
29.1279
28.9769
29.0085
29.4235
29.2128
29.1877
29.1508
28.8137
28.8429
29.1483
28.6168
28.6829
28.5239
28.4565
28.5093
28.9853
28.863
29.0652
28.9026
28.8285
28.5626
28.6904
28.7861
28.7691
28.9279
28.7567
29.2079
28.9279
28.2901
28.997
28.6193
28.788
28.8939
28.5065
28.5845
28.9095
28.8183
28.4926
28.805
28.7138
28.5855
28.6416
28.9177
29.2221
29.1373
28.8538
29.0613
28.7071
28.9879
28.8561
28.9753
29.3728
29.2144
28.8049
28.3554
28.602
28.9082
28.518
28.7622
28.9433
29.0366
28.8023
28.8706
28.9299
28.9593
28.7369
28.929
28.6892
28.8967
28.6723
28.8098
29.0246
29.176
28.6636
28.6552
28.9672
28.8189
28.8022
28.5389
28.8826
28.7778
28.7318
29.0236
28.84
28.9038
28.6053
29.0123
28.9255
28.3546
28.7527
28.6937
28.9857
28.9908
28.5527
29.1005
29.1514
28.8108
29.0224
28.5624
28.7123
28.6485
28.381
28.9657
28.7358
28.5859
28.6619
28.8022
29.0896
28.2877
28.7377
28.8968
28.8115
28.7509
28.2497
28.4496
29.104
28.6334
28.8792
28.9317
29.0727
28.8225
28.8235
28.7364
28.5478
28.892
28.596
28.677
28.4843
28.6633
28.8163
28.8196
28.6161
28.8583
28.5476
28.9407
28.5457
28.6151
28.8206
28.6987
29.1357
28.9333
28.529
28.6652
28.7725
28.8754
28.3364
28.6805
28.4487
28.6344
28.7551
28.7985
28.4762
28.6252
28.6271
28.6919
28.1567
28.9088
28.8499
28.5866
28.6909
28.7269
28.7879
28.7301
28.812
28.7454
28.4094
28.7295
28.6909
28.8618
28.5229
28.4089
29.2022
28.5257
28.5886
28.5303
28.8275
28.5495
28.8542
28.7086
29.117
28.7823
28.6199
29.1363
28.7139
28.7922
28.5742
28.8483
28.7987
28.7261
28.8587
29.0443
28.9362
28.8878
28.96
28.957
28.8982
29.134
28.9848
28.9503
28.9225
28.9699
28.7784
28.957
29.1617
28.9878
28.8757
28.8297
28.9131
28.6571
29.1217
28.9453
28.6609
28.3359
28.9742
28.4688
28.7535
29.01
29.0054
28.7498
28.7717
29.1296
28.8203
28.539
29.2626
29.0888
28.8475
28.8139
28.9143
28.8
28.47
28.6309
29.2933
28.8964
29.0086
29.0896
28.7139
28.8016
29.0614
29.0075
28.582
28.7207
28.8417
28.8171
28.8817
28.458
28.3297
29.1712
29.2386
28.8573
28.9255
28.9692
29.1476
28.8939
28.8002
28.5595
28.6639
28.6693
29.199
28.5997
28.5152
28.8896
29.2772
28.8322
28.5136
28.4217
28.7831
28.9662
28.9098
28.9351
28.4059
28.7671
28.9118
29.3822
29.198
28.6452
29.0877
28.8415
28.7351
28.8586
28.6591
28.9316
29.2481
28.9378
29.0551
28.6491
28.7163
28.8455
29.1946
28.8968
28.7773
29.0332
28.7852
28.8119
28.9047
29.0346
29.1023
28.768
29.452
28.8287
28.8072
28.8962
28.7878
28.8407
28.7274
29.1769
28.9573
29.1826
29.1485
28.6417
29.0568
29.0517
28.7974
28.8275
29.2045
28.8894
28.7119
28.6961
29.22
28.7783
28.8523
28.6342
28.5656
28.7874
29.128
28.4839
28.9249
28.9661
29.02
28.9059
28.8097
29.0338
28.7
29.1439
28.9535
29.1435
29.0648
28.8313
28.8109
29.3569
29.1842
28.9753
28.7511
28.7907
28.7795
29.0375
28.6742
28.7524
28.968
29.0384
28.2038
29.201
28.8395
28.8381
29.2276
29.0814
29.264
28.6022
28.4967
28.9847
28.5154
28.7591
28.7372
29.0626
28.9139
28.4195
29.2433
28.9517
29.2968
28.8639
29.0063
28.7094
28.8153
28.8481
29.2468
29.0215
29.219
28.9775
28.8544
28.5395
28.8102
28.8907
28.7075
28.8571
28.9337
28.6102
28.572
28.8233
29.3761
29.1375
28.9747
28.8766
29.2805
29.1111
29.2779
28.8744
28.9155
28.6358
28.8673
29.3205
28.6609
28.8402
28.2995
29.4328
28.7225
28.8702
29.0935
28.6925
28.8806
29.4296
28.8381
28.9841
28.4006
28.8312
28.713
29.2241
28.8917
28.5072
29.1208
28.9716
28.7193
28.6154
28.9435
28.938
29.1451
28.7667
29.2309
28.751
28.8579
28.7577
29.3983
28.7866
28.8459
28.8422
29.2179
28.799
28.972
28.7478
29.1527
29.0834
28.925
29.0096
28.9123
28.7148
28.337
28.7236
28.6821
28.5946
28.9237
28.6311
28.7319
28.9496
29.2342
28.842
28.7979
28.8678
29.0085
28.8288
28.7643
28.7116
28.9604
28.8629
28.2551
28.6507
28.8528
28.6372
29.0873
28.788
28.5803
28.7238
28.799
28.6228
29.2385
28.9136
28.8758
29.1176
28.7082
29.0568
29.1097
28.8353
28.5858
28.7893
28.7512
28.8931
28.4723
28.9198
28.1737
28.8912
28.79
28.8758
29.0498
29.0072
29.1492
28.6749
28.7878
28.8485
28.4879
28.6133
28.554
28.8556
29.2316
28.6786
28.8375
28.5598
28.8883
28.5947
28.916
28.9038
29.0551
28.665
29.0638
28.8808
28.865
28.7414
28.9627
28.6736
28.6337
29.0998
28.842
29.0938
28.5484
29.0039
28.9564
28.7304
28.3296
28.818
28.9938
28.7851
28.866
28.9884
29.1397
29.178
28.9608
29.1047
28.8013
28.9065
29.1406
29.0538
28.9166
29.0116
28.9517
28.9686
29.0651
29.1385
28.8795
28.9574
28.8783
28.8066
28.5977
29.3325
28.9314
28.838
28.9746
28.6738
28.9473
28.8953
28.8076
28.9617
29.0555
28.853
29.1294
28.8731
28.6827
28.9988
28.2549
29.2116
28.7733
28.4722
28.4699
28.4413
28.8819
28.7801
29.0701
28.4924
28.5496
28.9644
29.2463
28.9008
29.1133
28.7723
28.8306
28.7596
29.161
29.098
28.8434
29.1371
28.8741
28.832
29.145
29.0577
29.2849
29.0831
28.8868
28.8734
29.0594
28.803
28.6869
29.0951
29.3175
28.9986
28.869
29.442
28.9056
29.0527
29.2102
28.7442
29.2329
28.9
28.9947
28.739
28.6883
28.6532
28.6457
28.5537
28.54
28.5825
28.3713
28.5299
28.5467
28.5795
28.6101
28.619
28.171
28.6503
28.6077
28.8198
28.4551
28.6626
28.9289
28.8815
28.747
29.0061
28.6728
28.7936
28.6158
28.7561
28.7777
28.8447
28.3772
29.0312
28.8969
28.4689
28.9117
28.235
29.0644
28.5335
28.4662
28.7057
28.7838
29.0951
28.3553
28.3578
28.76
28.3833
28.7735
28.6652
28.4574
28.8012
28.8573
28.7613
28.8393
28.5558
28.7534
28.7424
28.5814
28.7195
28.5256
28.8566
28.631
28.8526
28.8298
29.0229
28.4124
28.8022
28.7002
28.9522
28.299
28.5954
28.5487
29.0144
28.5279
28.649
28.5784
29.2472
28.8878
28.7282
28.8643
28.6372
28.5567
28.6453
28.7582
28.27
29.0185
28.4656
28.1812
28.6843
28.9417
29.0765
28.9456
28.8766
28.7933
28.7128
28.8931
28.6356
28.6675
28.6108
29.0511
28.7094
28.6987
28.6689
28.947
28.8438
28.7738
28.9123
28.8396
28.957
28.3539
28.7737
28.8518
28.5511
28.7041
28.9851
29.1117
29.4458
28.6309
28.6873
28.615
28.6722
28.6252
29.2112
28.5614
28.9477
29.0826
29.2241
28.6447
29.2041
28.6555
28.7722
28.7644
29.0874
28.5946
28.955
28.558
29.1639
28.3802
28.8526
28.7104
28.6304
28.5263
29.0766
28.8145
28.6703
28.7804
28.8826
29.114
28.7334
28.9132
28.4839
28.9496
28.8059
28.9421
28.7548
28.6272
28.8942
28.9805
29.0427
28.7562
28.7469
29.4773
28.8566
28.771
29.125
28.1161
28.7735
29.1068
28.483
29.1327
28.7002
29.0478
29.3339
28.8343
29.1629
28.746
28.9703
28.8342
29.094
28.9559
28.8415
28.8251
28.8971
29.3854
29.1863
28.8298
28.9182
28.9328
28.6755
28.6934
28.6866
28.6274
28.4539
29.1305
28.8799
29.0912
28.8274
28.9507
28.8398
28.9769
28.749
28.7019
29.2693
28.5878
28.6377
28.4753
28.9349
28.6716
28.5333
28.9748
28.7218
28.4628
29.3641
28.764
28.8249
28.9905
28.8146
29.0825
29.204
28.8839
28.587
29.2785
29.1958
29.1788
29.1353
29.2851
28.9668
29.2773
28.8714
28.9855
28.5293
29.0389
28.8718
28.9225
29.228
28.9004
28.8097
29.3655
28.8296
28.7665
29.0073
28.5795
29.211
28.8288
29.041
28.4235
28.6127
28.8664
28.8715
28.7639
28.6737
28.9184
29.0349
29.0503
28.8606
28.8865
29.1429
28.6935
28.796
28.6532
28.706
28.9118
29.0439
28.3897
28.795
29.0067
28.4768
28.6446
29.0944
28.9035
28.6865
29.0613
29.2879
29.04
29.1191
28.7473
29.083
28.9839
28.9379
29.0455
28.6168
28.9871
28.8136
28.8533
28.787
28.757
28.9665
29.0034
28.8421
28.5406
28.7467
29.1079
28.4766
28.7538
28.4638
28.9211
29.295
28.9905
29.0864
28.8426
28.6569
28.6361
28.5106
28.8186
29.018
28.7954
28.8643
28.856
29.0803
28.4506
28.7399
28.9552
28.8435
28.8786
28.7935
28.7018
29.1138
28.7609
28.9064
28.9121
28.828
28.7703
28.7279
28.8844
28.7556
28.5277
29.0745
28.9631
29.1486
28.6639
28.5584
28.7028
28.6309
28.6271
28.8807
28.6366
29.0628
28.6191
28.49
28.5902
28.5221
29.3842
28.5124
29.0199
28.5232
28.3983
28.9251
28.7839
29.0133
28.9134
28.7691
28.7827
29.0434
28.8044
28.9343
28.4931
28.9128
28.6633
28.7966
28.5052
28.7122
28.6832
28.5299
29.3239
28.5494
28.5812
28.8586
29.0514
28.5473
28.8932
28.9903
28.737
28.6808
28.8008
29.0708
28.9384
29.0827
28.9669
29.3867
29.2239
28.9006
28.5774
28.7291
29.3025
29.0897
28.7991
28.6083
28.5895
28.9796
28.7102
28.681
29.1163
28.803
28.6648
29.2774
28.8074
28.8955
29.1139
28.7135
28.8705
28.7194
28.8399
28.4598
28.5544
28.581
28.7317
28.9888
28.4994
28.669
29.0681
28.3164
28.7411
28.7717
28.8433
28.5847
28.5968
28.4442
28.6161
28.9076
28.9793
28.9417
28.9727
28.5283
28.4836
28.6574
28.7129
28.4913
28.6034
28.6347
28.8453
29.1374
28.7539
28.4599
28.8484
28.4124
28.8701
28.9484
28.696
28.6546
28.5615
28.7922
28.0578
29.0908
28.9882
28.8428
28.5754
29.012
28.6773
28.5109
28.6975
28.8712
28.7104
28.7766
29.161
28.6957
29.358
28.9139
28.9661
28.7635
28.674
28.9686
29.014
28.5687
28.8758
28.8549
29.0433
29.0228
28.874
28.8757
28.2067
28.7446
28.644
28.4701
28.865
29.3504
28.7762
29.0732
28.7107
28.7138
28.7142
29.0835
29.2802
28.8053
29.1429
29.1986
29.0973
28.5688
28.9526
28.6605
29.1134
28.7159
28.8175
28.5263
29.0099
28.8711
28.5317
28.9653
28.648
29.0646
28.9656
29.1129
28.9129
28.852
29.3297
29.022
28.9288
28.9229
28.9706
28.9718
28.7317
28.8456
29.5005
29.0468
28.6444
28.7082
28.7092
29.4
28.7121
29.4216
29.4026
29.1491
28.5954
29.0346
28.7609
28.5908
28.5736
29.0872
28.7611
29.2796
29.0226
28.779
29.1817
28.5684
28.6934
29.1664
28.9422
29.0968
28.7183
28.8596
28.8486
28.5958
28.7414
28.8415
28.9435
28.9098
29.0709
28.9655
28.8488
28.6844
29.032
28.9417
28.9855
28.6334
28.7585
29.087
28.8282
29.0241
28.9293
28.6257
28.6544
28.9207
29.1194
29.4217
28.883
29.2435
28.7119
28.8906
28.7441
28.7532
29.1564
28.9644
28.9159
29.0191
28.9131
29.1523
29.144
29.2181
29.157
29.069
28.8747
28.8198
29.0734
28.8231
28.8364
29.2321
28.4928
28.6196
29.3045
28.3926
28.5265
28.8059
29.1668
28.5289
28.8015
29.3371
28.6834
28.5929
29.0429
28.8724
28.7189
28.6263
28.8484
28.5647
29.097
28.8723
28.9579
29.3024
29.2372
28.7599
28.8766
29.0262
28.759
28.7967
28.4543
28.5724
28.9315
29.0392
28.9024
28.9365
28.6288
29.1741
28.9214
28.602
28.6583
28.5919
28.7554
29.0631
28.7783
28.7921
29.0295
28.8602
28.8362
29.0543
28.765
28.7196
29.2775
28.7459
29.0756
29.1281
28.8366
28.9972
29.0565
28.8546
28.9908
29.1749
28.9213
28.5506
29.098
28.9537
28.8747
29.0876
29.0546
29.3663
29.2263
29.2245
28.9811
29.0921
28.9016
29.3851
28.8266
28.7192
29.6918
28.9645
28.7904
28.8747
29.0693
29.0602
29.0964
29.0081
29.1901
28.5409
29.1735
28.9176
28.895
29.2717
29.1677
28.9132
29.0019
28.9401
28.9848
29.1054
29.0455
28.8038
28.9457
29.0272
29.1657
29.1471
28.8579
28.8333
29.0657
29.3518
29.0482
29.2109
28.8974
29.1232
28.8317
29.3701
28.9193
29.0038
28.9428
28.7104
28.9687
29.0514
28.947
29.1938
29.0712
28.9704
28.5369
28.9122
28.9791
29.2734
29.306
28.6794
29.1176
28.9958
28.6831
29.2526
29.0438
28.7953
28.8396
29.2681
28.6173
29.2427
29.3309
29.0585
28.6797
28.9933
29.1362
28.8179
28.6649
28.9855
29.1108
28.6992
29.023
28.8052
28.9505
28.6245
29.0348
29.0662
28.4042
28.8921
28.9289
28.876
28.5934
28.9233
28.7929
29.221
28.7865
29.343
28.8109
29.0881
28.8911
28.7439
28.652
28.8831
29.017
29.069
28.8169
28.8648
29.0058
28.748
28.937
28.6571
29.1672
29.0305
28.797
29.2431
28.9672
28.5479
29.248
28.542
28.8579
29.1957
29.2187
29.0036
29.1683
28.8348
29.1667
29.555
28.8608
29.2117
29.1476
28.8403
28.7657
28.7261
28.7946
29.0019
29.3458
29.0995
28.4284
28.6826
28.734
28.8541
28.5438
28.8674
28.9322
28.6947
29.0361
28.9098
28.8776
29.0612
28.8257
29.1802
29.1767
28.6624
28.8211
28.9289
28.6556
28.9012
28.9206
29.1426
28.9422
28.4738
28.7363
28.8196
28.8631
29.286
28.8361
29.0391
28.5303
28.9801
28.5791
29.0287
28.9194
28.825
29.1912
28.9852
28.98
28.7276
29.1702
28.6007
28.6565
28.8881
28.557
28.8748
28.9175
28.6997
28.7566
28.8327
28.5363
29.1569
29.1783
28.981
29.1847
28.7848
28.6604
28.8546
28.8547
28.4972
28.6162
28.9547
28.7134
29.1303
29.0482
28.9027
28.6098
29.0139
28.9116
29.1462
28.8526
28.7877
29.2867
28.9173
28.7149
28.7915
28.4733
29.2555
29.0434
29.1708
28.9473
29.0429
29.1252
29.1475
29.1568
29.2557
28.6265
28.3813
28.9479
28.7851
28.5217
28.7767
29.096
28.9295
29.2462
28.7243
28.8985
28.7256
28.8758
29.2531
28.8565
29.0159
28.6895
28.8782
29.0953
28.8841
28.8148
29.1295
28.9094
28.7599
29.0772
28.821
28.3811
28.7405
28.697
28.836
28.9378
29.0153
28.9669
29.1953
28.8625
28.892
29.057
29.0355
29.074
29.3381
29.4578
28.9789
29.0189
29.0051
29.017
28.8926
28.8279
28.8952
29.1908
28.8867
28.7313
28.6942
28.5935
28.847
28.7483
28.5706
29.1644
28.5916
28.7938
27.9291
28.6324
28.8218
28.5897
29.3057
28.6314
28.6515
29.0243
28.7384
28.6667
28.6783
28.8322
28.9946
28.8768
28.9459
28.968
28.6658
29.0236
29.0579
28.8032
28.6844
28.7687
28.7773
28.9969
28.5849
28.523
28.5661
28.838
28.566
28.6877
28.895
28.8158
28.8647
28.843
28.8203
28.9355
29.075
28.7138
28.7969
29.0393
28.4656
28.8539
29.1282
28.7304
28.8957
28.6678
28.9516
29.2423
29.0391
28.8107
28.9241
28.8897
28.8166
29.0572
28.7303
28.8544
28.9268
28.9683
28.6229
29.1263
28.6609
29.1859
28.6933
28.7226
28.7949
28.9148
28.9274
28.5196
28.8194
28.4595
29.0112
28.7185
28.8135
28.3665
28.4334
28.4939
28.7848
28.4779
28.9673
28.8143
28.4938
28.7643
28.7402
28.9386
28.9382
28.5944
28.3711
28.3669
29.174
29.002
28.8089
28.7732
28.7915
28.3938
28.8909
28.5346
29.0182
29.0325
28.7384
28.7147
28.6363
29.0009
28.8098
28.6056
29.1819
28.897
28.6787
28.5818
28.7084
29.0293
28.7608
28.9031
28.6126
28.5061
28.7171
28.6334
29.0291
28.6891
28.4973
28.8329
28.5979
28.7906
28.777
28.8898
29.1001
28.5599
28.7397
29.2704
29.0563
28.917
28.8383
29.2169
28.8158
28.3863
28.9475
29.1339
28.6853
28.9429
28.7766
29.1679
28.7178
28.9208
29.4114
29.0607
29.1015
29.0498
29.4064
28.6921
28.9824
28.861
29.1244
28.7048
28.9898
28.9786
29.0269
29.079
29.0024
28.7895
28.7646
28.5409
28.9035
28.9276
28.8427
28.9315
29.4078
29.2321
29.2295
29.1571
28.8612
28.755
28.8676
28.8785
29.0021
29.2762
28.9534
29.1111
28.6558
28.7392
28.6141
29.0075
29.2387
29.3956
28.8759
29.0412
28.6898
29.716
28.7673
28.9874
29.323
29.1533
28.5811
29.0533
29.1618
29.0183
28.6768
29.0025
28.6662
28.8411
28.7725
28.5205
28.7176
28.5657
28.6785
28.5444
28.7189
28.7246
29.1611
28.8206
28.6181
28.7957
28.9644
29.0587
28.3965
28.6259
28.7261
28.9936
28.5547
28.8008
28.7743
28.7113
28.4158
28.8125
28.2756
29.2569
28.8996
28.8893
28.7908
28.7805
28.6464
28.3269
29.1447
28.6556
28.7138
29.001
28.9314
28.5998
28.9853
29.1352
28.8233
28.6628
28.9346
28.779
28.7433
28.3628
28.7022
28.6641
28.6672
29.0477
28.6892
28.9354
28.2584
28.6414
29.0911
28.5022
28.6984
28.7742
28.505
28.504
28.6169
28.7803
28.8824
28.7844
28.7755
29.1227
29.1777
28.5513
28.9933
29.1185
28.8562
28.8389
28.9287
28.8459
28.9351
29.0857
28.7012
28.9007
28.8601
28.8119
28.7769
29.1589
29.0603
28.6874
29.4209
29.3959
28.9658
28.7848
29.3524
29.0068
28.5549
29.1622
29.0938
28.7051
28.7678
29.0337
29.2361
28.9111
28.9767
28.9599
29.2082
29.5492
29.0519
29.0518
28.8799
29.0188
28.8856
28.99
28.9647
29.5113
29.2689
28.8407
28.6291
29.2124
29.3233
28.9721
29.1763
28.8287
28.9808
29.0211
28.9547
28.6924
29.2853
28.9744
29.1784
28.9178
29.2269
28.9594
28.875
28.8828
28.7824
28.6895
28.9978
28.6697
29.1375
28.5146
28.5107
28.7186
28.9108
28.42
28.5383
28.5212
28.8248
28.7514
28.881
28.7421
29.3271
28.8817
28.865
29.0135
28.8504
28.7602
28.6791
28.3835
28.7159
28.9108
28.7939
28.6331
28.7001
28.9636
28.6503
29.0334
28.9231
28.8113
28.7707
28.6991
28.8523
28.811
28.6411
29.0493
28.6125
29.0205
29.1379
28.758
28.9582
28.7096
28.5743
28.7301
29.1039
28.7185
28.667
28.6681
28.4799
28.7431
28.8727
29.1942
28.8483
28.8174
28.7293
28.4236
28.7251
29.0986
29.1004
29.1
28.7607
28.9506
28.4879
28.5962
28.6467
28.4991
28.9768
28.8902
28.8659
28.6195
28.8424
29.1545
28.8233
28.7605
28.9331
28.6684
29.0606
29.0784
28.7714
28.625
28.9192
28.9293
28.4186
28.9976
29.2876
28.5081
29.2848
28.7365
29.2146
28.5176
28.8702
28.5631
28.6889
28.5499
28.9392
28.8729
29.0843
28.7928
28.942
29.2997
28.7105
29.0392
28.8874
28.6681
28.7761
28.5485
28.8117
28.7092
29.0948
28.5446
28.6863
29.196
28.9775
28.5375
28.7881
29.2146
28.3138
28.4274
28.7453
28.4745
29.0443
28.9557
28.6378
28.575
29.2971
29.0443
28.9672
28.9769
28.9683
28.9877
28.7848
28.7653
28.4991
29.0159
28.7664
29.1772
29.326
28.4047
28.6569
29.0363
29.0648
28.5046
28.7199
28.7673
28.8403
28.7004
28.6549
28.9963
28.174
28.9658
28.8309
28.6174
28.6836
29.0907
28.6472
28.8785
28.5845
28.3366
28.8363
28.8642
28.8255
28.4189
28.8949
28.8362
28.871
28.6076
28.7994
29.2616
28.9339
28.1316
28.5481
28.659
28.4843
28.6266
28.9854
28.6414
28.7102
28.4998
29.0231
28.1954
28.9962
28.9283
28.5225
28.6632
28.6276
29.3222
28.2604
28.6011
28.6887
28.9082
28.7515
28.646
29.0547
29.4778
28.9916
28.804
28.8095
28.9545
28.734
28.8915
29.4111
28.6156
28.9697
28.8701
28.9158
29.0849
28.4761
29.0116
28.5156
28.972
28.8237
29.1292
28.7978
29.0026
28.9333
29.1404
29.2343
28.6851
29.1187
28.8215
28.953
29.0226
28.9009
28.7678
29.1587
29.2873
28.9557
28.7791
29.1144
28.8625
28.6038
29.0094
28.8403
28.6652
28.729
28.7291
28.971
28.836
29.0286
28.8878
28.9736
28.6355
28.6236
28.8849
28.573
29.3165
29.2994
29.1365
29.2297
28.6182
28.8713
28.7205
28.9446
29.0602
28.751
28.8038
28.8922
28.6309
28.6574
28.9524
28.6013
28.8199
29.101
28.7322
29.0006
28.6626
29.2601
28.3984
28.7909
28.7606
28.9693
28.5389
28.8913
28.971
28.8434
28.6816
29.136
29.2695
28.8272
28.8356
28.623
29.0886
29.1278
29.2863
29.0851
28.7489
28.8282
28.6311
28.4799
29.2198
28.7235
28.4314
28.886
29.4259
28.7136
28.9161
28.5289
28.91
28.9291
28.9643
28.4657
28.8726
28.7506
28.9282
28.7337
29.0707
29.1857
28.7904
28.7419
28.3498
28.8157
28.4547
29.0008
28.4418
29.1812
29.1642
28.9509
28.8913
29.1149
28.9189
28.8442
28.9459
28.7362
28.681
28.8458
28.8752
28.9766
28.8117
28.8819
28.5248
28.9151
28.5527
28.7918
28.6308
28.8117
28.8919
28.8842
29.0693
28.6225
28.8086
28.7267
29.5496
29.04
29.0717
28.7744
28.8452
29.2637
28.8536
28.3966
29.1248
28.7139
28.8309
28.9972
28.7647
28.5571
28.0408
29.1715
29.0654
29.085
28.6274
28.8267
29.1853
28.6902
29.1415
28.4364
28.5027
28.814
28.5844
29.2
28.94
28.9382
29.0148
28.6259
28.7508
28.6392
29.5395
29.1242
28.6273
28.769
29.0165
29.0635
29.101
28.9178
28.5632
29.3495
29.1438
28.5545
28.8309
28.8482
29.0436
28.7415
28.8922
28.5579
28.5822
28.9784
29.0293
28.9439
28.9586
28.9486
28.7917
29.1572
29.328
28.9225
28.6034
29.0741
29.338
28.6733
28.7224
28.4323
29.5084
29.0033
28.6001
28.8315
28.9029
29.0823
28.91
29.1881
28.8327
28.9558
28.7371
29.0793
28.6345
28.66
28.9342
28.9779
29.1552
28.8914
29.1754
28.883
28.379
28.6374
29.0616
28.7033
28.607
28.7216
28.9394
28.8108
28.7528
28.592
28.4772
28.8601
28.5067
28.3168
29.0425
28.5194
28.5003
28.4405
29.1073
28.3663
28.9849
28.0815
28.7703
28.6234
28.8911
29.0447
28.766
28.686
28.625
28.5857
29.0051
28.6149
28.5425
28.9145
28.6615
28.4873
28.4008
28.8027
28.9414
28.8913
28.7116
28.6179
28.8092
28.8522
29.1702
28.4918
28.3972
28.5202
28.6589
28.7749
28.611
29.0227
28.925
28.5923
28.7213
28.5595
29.0181
28.5912
29.0113
28.5344
29.0533
29.1715
28.7102
28.8416
28.6827
28.8365
28.6783
27.9556
28.8962
28.7676
28.7357
29.0732
28.9893
28.6449
28.8638
29.2153
28.6876
28.7366
28.6176
28.5574
28.6581
28.8266
28.6972
28.8088
28.8998
28.8552
28.5688
28.523
28.7487
28.7234
28.9895
29.2376
28.6942
29.1292
28.4214
28.5597
29.0126
28.7577
28.7749
28.9003
28.5598
29.0121
29.194
28.4745
28.0988
28.7773
28.862
28.4538
29.0701
28.8659
28.9404
28.9126
28.7592
28.5685
28.7662
28.5449
29.0272
28.5879
29.0295
28.8409
29.0513
28.6481
28.6027
29.0091
28.8078
28.5748
28.952
28.9195
28.5908
28.5132
28.6255
29.0911
28.817
28.7314
28.5322
28.6713
28.7771
29.0257
29.1858
28.9861
29.1791
28.6791
28.5849
28.8429
28.484
28.4856
28.6559
28.5435
28.7152
29.1013
28.6058
29.1037
28.9603
28.6552
28.7775
28.396
28.7387
28.7535
28.9534
28.6354
28.7969
28.7936
29.0019
28.4399
28.7804
28.5673
28.7707
28.6497
28.9352
28.8539
28.7148
29.0398
29.0458
29.3402
28.7735
28.6636
29.2093
28.5746
29.2555
28.8164
28.8302
28.9891
28.7616
29.1052
28.4512
28.7181
29.1932
28.5922
28.98
29.1383
28.4912
28.5564
29.1978
28.809
28.4369
29.0647
28.6691
29.1597
29.2503
29.2056
28.834
29.2305
28.89
29.2775
29.0108
28.7887
29.0728
29.7119
28.9779
28.8992
28.8989
28.861
28.7455
28.9609
28.944
28.7293
28.8526
29.2964
28.4271
28.9506
28.9274
29.1608
29.0397
28.9718
29.4104
28.7501
29.1228
29.0871
28.8971
28.7093
29.2275
29.01
29.1567
29.3622
28.3403
29.2163
29.2602
28.9258
28.7722
29.0327
29.2037
28.725
29.2269
29.2553
28.8681
28.8003
29.1792
29.0252
29.1372
28.8056
29.093
28.8912
29.176
28.791
28.7014
29.2788
28.8459
28.5573
29.1627
28.8654
29.1837
28.971
29.1169
28.8876
28.9494
28.8915
29.0882
28.9516
28.8746
28.6814
28.7953
29.0269
28.6118
28.9851
29.0846
28.8393
29.0757
29.276
28.6824
29.3908
29.0675
29.1517
28.8349
28.8845
28.6947
29.2902
29.0645
28.956
28.6863
28.9798
28.8164
28.542
28.6015
28.8067
28.5272
28.873
28.9893
28.5324
29.2794
28.7393
28.6064
29.0537
28.8498
29.1711
28.9893
28.9015
28.9151
29.076
29.143
29.3015
29.068
29.1047
28.8594
29.0248
29.3891
28.9056
28.3716
29.219
29.0761
29.1853
29.1059
28.9944
28.8743
28.6241
29.3428
28.6584
28.8012
28.9504
28.9276
28.8539
29.0141
28.9485
28.7012
28.9773
28.7179
28.8665
28.5931
28.7204
28.808
29.1362
29.0547
29.2613
28.7556
28.6906
28.5348
28.7799
28.5519
29.1208
28.6983
28.6483
28.485
28.7537
28.8327
28.8857
29.1527
29.2692
29.2098
29.0424
28.8653
28.8538
29.165
29.0783
28.6275
29.0932
29.1295
28.984
28.6456
28.673
28.7184
28.9059
28.6868
28.9612
28.7808
29.0961
28.6783
28.7575
29.2584
28.833
29.0824
28.9274
28.655
28.9844
28.9396
28.9586
28.725
28.6477
28.9756
28.7002
28.9222
29.1688
28.7394
28.8326
29.3091
28.5751
29.0983
28.8023
29.5906
28.6351
29.1442
28.9166
28.7749
28.5483
28.8254
28.4938
28.8097
28.7751
28.8049
28.448
29.1826
28.8288
28.3256
29.0208
29.1932
28.909
28.6512
29.0383
29.0646
28.8713
28.9327
28.6367
28.8081
28.9561
29.0591
28.9452
28.8541
29.2556
28.7546
28.8603
28.4999
29.1098
29.2348
28.5153
28.8077
29.0191
28.7945
28.7862
29.2839
28.8606
29.0703
28.4992
28.9324
28.7942
28.9936
28.7209
28.669
28.8189
28.8386
28.6955
28.9146
29.0982
28.9198
28.9389
29.0531
28.9959
29.0859
28.9178
28.7066
29.0208
29.4076
28.9293
28.837
28.9638
29.1444
28.9818
29.0087
28.9498
28.7282
29.0376
28.8438
28.7506
28.9954
28.7598
28.7588
29.0967
28.7617
28.8121
28.8551
29.1005
28.9535
28.5291
29.002
28.825
28.997
28.7978
28.7119
28.6225
29.0238
29.0335
29.052
29.1286
29.1446
28.8787
28.9217
28.7931
28.731
29.2642
28.4746
28.9891
29.6092
29.2996
28.8737
28.8618
29.3142
28.5557
29.1775
29.5289
28.9861
29.0762
29.1807
28.8449
28.575
28.9985
28.9034
29.0583
29.2021
29.1448
28.6515
28.6638
29.4665
28.5809
28.8785
28.9687
28.9655
28.8462
29.1669
29.0164
29.2368
28.5255
29.5152
28.7484
28.8552
28.9695
28.8795
29.1047
28.9275
29.1136
28.965
28.6279
28.6553
28.7995
28.8444
28.3035
28.9801
28.9431
28.6937
28.4936
28.968
28.7927
29.1661
28.902
28.5841
28.7153
28.6773
28.9831
28.7396
28.8061
28.5587
28.6618
28.8879
28.6925
28.4509
28.9677
28.3697
28.9656
28.9435
28.8868
28.998
29.023
28.4446
28.6866
28.5558
28.9572
28.9947
29.1743
28.51
28.2999
28.852
29.0835
29.0173
29.0109
28.8608
28.5657
28.8086
29.2004
28.6531
29.0795
29.4282
28.6771
28.6634
28.7523
29.0326
28.9752
28.9604
28.9926
28.8998
28.9777
29.0798
28.8187
28.7736
28.8307
28.7183
29.1008
29.016
29.2354
28.8328
29.1867
28.7135
28.5776
29.0449
29.2625
28.8221
29.1589
28.6459
28.9168
28.9921
29.3181
29.2654
28.8175
29.1745
28.6607
28.7453
29.2534
28.9255
29.019
28.7095
29.1214
29.3755
29.0124
29.2539
28.8352
28.9262
29.3094
29.2676
28.7315
29.3921
28.8617
29.4781
28.8244
28.9098
29.1256
28.8641
28.8539
29.0828
28.7402
28.7062
28.869
28.8623
28.9754
29.1099
29.1622
28.7074
29.3432
29.0013
29.0506
29.1907
29.3426
29.1075
28.7365
28.6929
29.0338
28.8044
28.7975
29.2002
28.9053
28.8565
29.0698
29.0372
29.4038
29.0451
29.0776
29.1959
29.1269
29.2005
28.7561
29.1674
28.9069
28.9575
28.8658
28.8785
28.7416
28.8414
29.0116
28.3976
29.0752
28.9752
28.736
28.5601
29.1729
28.3547
28.7676
28.8676
28.8242
28.5445
29.1526
28.7814
28.4931
28.8981
28.7707
28.4901
29.0535
28.7323
28.9215
29.0521
28.7202
28.568
28.8275
29.0925
28.7356
29.3178
29
28.6351
29.0054
29.1004
28.6117
28.669
28.5696
28.9771
28.9361
28.8294
28.9101
28.6045
28.8933
28.3142
28.5101
28.7976
28.7212
28.5781
28.9578
29.1799
28.2482
29.1585
29.2055
28.7271
28.8554
28.9733
28.7439
28.7109
28.7156
28.7211
28.8607
29.0255
29.1656
28.8841
28.8372
28.6505
29.2401
28.6494
28.622
29.0656
28.5758
28.804
29.0254
28.6948
28.8739
28.9249
28.5376
29.2225
29.0625
29.0238
28.5698
28.8618
28.6642
29.3005
29.1236
28.7514
28.8729
28.6069
28.8523
29.1252
28.5733
28.9661
28.6683
28.4638
29.3337
29.0927
28.7083
29.0441
29.1989
29.3349
29.3379
29.3551
29.2234
28.8677
29.208
29.403
28.867
29.0282
29.4991
29.4926
28.8791
28.8882
29.0201
29.0636
29.1298
28.8434
28.9268
29.0301
29.2408
29.2829
29.5388
29.1392
29.4233
29.1742
28.9647
29.1008
29.3397
29.4304
28.7322
28.8165
28.4828
29.226
28.5294
28.6313
28.819
28.7045
28.901
29.352
28.4133
28.5684
28.7386
28.7436
28.6329
28.8724
28.5865
28.6188
28.7819
29.0378
29.121
28.992
28.6288
29.0375
28.8717
28.8785
28.81
28.4904
28.8407
29.2595
29.0549
28.8999
29.0958
28.5707
29.2035
28.7865
28.626
28.6081
28.6187
28.7757
28.6776
29.0544
28.4539
28.981
28.5582
28.6411
28.2207
28.7427
28.7023
28.5122
28.5892
28.4985
28.6261
28.6536
28.7525
28.5183
28.7461
28.6919
28.2229
28.9316
28.6504
28.244
28.7397
28.6659
28.6628
28.9758
28.4982
28.5166
28.5059
28.8264
28.2714
28.9647
28.7492
28.5929
28.3272
28.6424
28.3571
28.8283
28.6492
28.6337
28.883
28.7655
28.6743
28.8306
29.0089
28.4741
28.6436
28.7699
28.6011
28.5698
28.9972
28.9104
28.7252
28.8361
28.4438
29.0989
28.8145
28.8278
28.7137
28.2926
28.9198
28.7313
29.042
28.7739
28.9757
28.6282
28.8977
28.9073
28.6523
28.6907
28.5877
28.971
28.6911
28.8036
29.1902
29.1092
28.6554
28.6668
28.754
28.5822
28.7476
28.7308
28.9014
28.611
28.5845
28.8606
29.3343
28.7321
28.8241
29.1236
29.0681
29.067
28.8203
29.3247
28.8513
29.2688
29.0359
28.8289
29.2313
29.1402
29.0584
28.8673
28.9854
29.1374
29.1049
28.7216
28.8204
28.9137
28.6477
29.0764
28.8941
28.8879
28.7849
29.0543
29.4221
28.7836
29.3411
29.4162
29.2486
28.9585
28.7844
29.4007
28.9874
28.4784
28.5809
28.8342
28.6353
29.1893
28.5241
28.6126
28.4831
28.8767
28.461
28.6088
28.6226
28.4405
29.1027
28.74
28.5505
29.1774
28.8035
28.5799
28.7711
28.5939
28.2517
28.5167
28.7856
28.5204
28.5012
28.792
28.5782
28.2715
28.7892
28.142
28.6114
28.5006
28.5415
28.292
28.4681
28.791
28.2024
29.1973
28.5575
28.6649
29.095
28.8094
29.0545
28.9993
28.6135
29.2536
29.1968
29.1355
29.0563
29.0551
29.1529
28.941
29.0837
28.6931
29.2945
29.1737
29.1011
28.7931
28.7993
28.8055
28.841
28.8755
28.7952
28.7633
29.1907
28.8994
29.0114
29.0402
28.9524
28.8049
29.1025
29.3841
28.8581
29.247
28.6552
29.0843
28.9035
29.0147
29.2106
28.9317
28.6882
28.8532
28.9481
28.8225
28.6106
29.0793
28.7023
29.0667
28.8662
28.9083
28.7211
29.3115
28.5145
28.5844
28.8752
28.6092
29.1055
29.303
28.7019
29.5049
28.8939
29.0852
29.0549
29.007
28.8788
28.6533
28.6436
28.8762
29.1024
28.8808
28.9642
29.3012
28.5944
28.9156
28.9361
28.2343
28.6165
29.1149
28.6495
28.5776
29.1703
28.9095
29.0545
28.6808
29.1385
28.758
28.8361
28.7409
28.633
28.7584
28.7227
28.5154
28.6668
28.7564
29.157
28.7352
28.6719
28.7789
29.0115
28.7553
29.1802
28.8379
28.5687
28.8346
29.2519
29.068
28.9265
28.2361
29.1743
28.7998
28.9885
29.0267
28.9312
28.8687
28.9001
28.957
28.9924
28.6497
28.8525
28.9377
28.6555
28.671
28.9638
28.8934
28.9392
28.7456
28.7869
28.7996
29.0218
28.7892
29.0803
28.2064
28.73
29.0269
29.0182
28.8722
28.8637
29.1035
28.7078
29.0154
29.3103
29.1457
28.8982
28.897
28.8598
28.8709
29.0772
28.4842
29.1125
28.9244
28.8682
29.2279
28.9754
28.819
28.9112
28.6742
29.2392
28.523
29.3686
29.2216
29.1862
29.0165
29.1988
29.1695
28.8438
28.9786
28.863
28.9758
28.7614
29.0242
28.9138
29.0411
28.5772
28.9871
28.8185
28.8015
29.3344
28.7895
28.4629
28.9103
28.8018
28.9447
28.8138
28.7755
28.8974
28.8317
28.7209
29.0355
29.0271
28.8178
28.3792
29.0994
29.1021
28.6879
28.6077
29.3088
28.7368
28.5707
28.9624
28.9095
28.9019
28.6182
29.2812
28.7697
29.0003
28.9747
29.1378
29.0133
28.9549
28.7306
28.597
28.7109
28.555
29.1268
28.9476
28.8725
29.0172
28.6885
28.559
28.8275
28.8464
28.7174
28.9127
28.9353
28.6509
28.6737
29.2566
28.7255
29.0003
28.8227
28.5579
28.7322
28.6205
29.0198
28.6394
29.0315
29.0657
28.5623
28.7457
28.4411
29.1497
28.8
28.9468
29.2126
28.8756
28.9786
29.3199
29.0889
28.7632
28.9158
28.6012
28.4203
28.8818
28.9443
28.8438
28.7663
28.9188
28.6789
28.8891
28.7034
28.8853
28.7908
28.685
28.9635
28.9411
28.7296
28.7052
28.6612
29.0419
28.5992
28.9241
28.5374
28.7501
29.1247
28.8008
29.251
29.1111
28.5834
28.8559
28.9482
29.0345
28.9737
28.6691
28.6427
29.1909
29.2396
28.7362
28.7277
28.9003
28.7457
28.7765
29.0834
29.1852
28.8479
28.7542
28.6676
28.2904
28.7695
28.8781
28.7206
28.7354
28.9972
28.9706
28.7743
28.7304
28.8226
28.5899
28.563
28.9005
28.8915
29.1738
28.5785
29.0527
28.9411
28.5232
29.0065
29.1231
28.9414
28.2736
28.5917
28.981
28.713
28.8326
28.9947
29.222
29.1647
29.1349
29.1072
29.3158
28.8081
29.2705
29.3741
28.8985
29.0986
28.9246
28.9771
29.0981
29.0906
29.4955
29.1965
29.0429
28.9842
29.2678
29.0007
28.8581
29.0263
29.1241
29.0152
29.1533
28.6213
29.1378
28.9744
29.1909
29.0303
29.304
28.988
28.9862
29.0895
28.8841
28.9894
29.0981
28.4284
28.9682
29.0034
28.8356
29.212
28.8903
28.6936
28.644
28.7643
28.9078
29.181
28.6955
28.801
28.7148
28.7951
28.6993
28.9684
28.9544
28.4995
29.0367
28.6409
28.4001
28.7172
28.9787
28.8888
29.0411
28.8141
28.8259
28.4115
28.8112
29.2392
28.6216
29.009
28.5715
28.7212
28.6233
28.7867
28.885
28.635
29.064
28.9609
28.825
28.9805
29.2557
28.9379
29.1145
28.8766
28.8688
28.5587
29.2215
29.1079
29.0437
29.1436
29.1222
29.0012
28.9137
29.2255
29.3382
29.2421
29.0817
28.6779
28.9694
28.7266
28.9403
29.1678
29.2604
29.3339
29.0736
28.4928
29.2527
28.817
28.9676
28.8952
28.6639
28.5803
28.9239
29.0839
28.9124
28.9684
28.8178
28.8959
28.8305
28.9648
29.0658
28.8442
28.7497
29.3023
28.9172
28.8641
28.9098
28.7319
28.9519
28.3801
28.7435
28.886
28.9036
28.6543
28.8713
28.9054
29.2373
28.8676
29.1718
28.4351
29.2686
28.7894
28.883
29.0266
28.9683
28.7355
29.0269
29.1356
28.6874
28.8876
28.597
29.0006
28.8023
28.6993
29.0261
28.6576
28.7158
29.3079
28.818
29.0082
28.7845
29.0578
28.9546
28.9368
28.9167
29.1643
28.854
29.257
28.7154
28.995
28.898
28.7044
28.9199
29.2116
29.1135
29.0008
28.7224
29.1747
28.5635
28.6565
28.9458
28.8844
29.0809
28.7547
28.8732
29.0709
29.0498
29.006
28.8641
29.0308
28.9146
28.9062
28.8622
29.2617
28.8696
28.9193
29.1605
29.0348
28.8764
28.947
28.879
28.8888
28.9594
29.2211
29.0131
28.618
28.9534
28.8596
28.5726
28.8419
28.7321
28.7642
29.0321
29.1854
29.2853
28.8817
29.1782
29.0159
28.8221
29.183
29.1919
28.9421
29.1398
28.3547
28.9794
28.9861
28.7511
28.9767
28.7062
28.7344
28.5531
29.0354
28.9422
28.6042
28.7734
28.8928
28.8084
28.7242
28.7259
28.4966
29.0432
29.1052
29.019
29.496
28.9184
28.7196
28.7311
28.8234
28.819
28.9893
28.9578
28.7082
29.1551
28.8399
28.8121
29.1344
28.5449
28.4515
28.8451
28.6601
29.0773
28.9379
29.1883
28.7814
28.7528
29.1283
28.9062
28.7736
28.992
29.0865
28.4987
28.4238
28.6194
28.9326
28.498
28.5426
29.0832
28.9079
28.7228
28.6766
28.8967
28.657
29.0115
28.9868
29.0727
28.9023
28.7327
29.0646
28.8531
29.1711
28.7514
28.7899
28.8985
28.5849
28.7734
28.7842
28.9162
28.9069
29.2182
28.6547
28.8828
29.2663
28.7308
29.3095
28.9607
28.8492
28.6429
28.8267
29.09
29.3368
28.4974
29.0138
28.7174
28.9512
28.9376
29.1453
28.9076
29.1685
28.9653
29.0377
29.0068
28.7954
29.2388
28.7541
29.1007
28.8112
28.9237
29.0178
29.2413
28.7684
28.289
29.1982
28.6325
29.0831
28.5245
29.1675
28.8896
28.905
28.8834
29.0411
28.7592
29.3261
29.0633
29.0396
29.1816
29.2497
29.3086
29.1055
28.3533
28.8391
28.4373
28.8662
28.917
28.8173
28.7107
29.1047
28.8501
29.082
29.1143
29.0319
28.8318
28.7616
28.923
28.7739
28.8704
28.9184
29.0463
29.2369
28.8337
28.7839
28.637
29.0401
28.785
29.0769
28.9659
29.0444
